config:
  batch_size: 128
  kernel: 2
  latent_dim: 9
  num_CL: 2
  num_HL: 3
  opt_lr: 0.00019398061966993658
  opt_wd: 6.122404576193543e-06
  size_CL: 8
score: 0.7390677966101695
