config:
  batch_size: 64
  latent_dim: 17
  num_HL: 2
  opt_lr: 0.00042427064724755696
  opt_wd: 6.390194237952141e-06
score: 0.7794117647058824
