config:
  batch_size: 64
  latent_dim: 74
  m_lambda: 1.6053027339611423
  num_HL: 2
  opt_lr: 0.0007281805744724323
  opt_wd: 3.122979343981202e-06
score: 0.63764832793959
