config:
  batch_size: 128
  kernel: 4
  latent_dim: 17
  m_lambda: 1.1691701361803468
  num_CL: 4
  num_HL: 4
  opt_lr: 7.722324420642825e-05
  opt_wd: 8.649023428071322e-07
  size_CL: 10
score: 0.7474178403755868
