config:
  batch_size: 64
  kernel: 3
  latent_dim: 152
  num_CL: 4
  num_HL: 2
  opt_lr: 0.00046541694742146405
  opt_wd: 4.748887534809747e-06
  size_CL: 8
score: 0.8355987055016181
