config:
  batch_size: 64
  kernel: 3
  latent_dim: 226
  num_CL: 4
  num_HL: 2
  opt_lr: 0.00034264689599831477
  opt_wd: 9.906228467945397e-07
  size_CL: 29
score: 0.8238942826321466
