config:
  batch_size: 64
  kernel: 4
  latent_dim: 68
  num_CL: 3
  num_HL: 3
  opt_lr: 1.4919994738810437e-05
  opt_wd: 5.388330082004517e-06
  size_CL: 23
score: 0.7237324703344121
