config:
  batch_size: 64
  kernel: 3
  latent_dim: 167
  num_CL: 3
  num_HL: 3
  opt_lr: 0.0006588935673915938
  opt_wd: 3.941248023699608e-06
  size_CL: 30
score: -0.1
