config:
  batch_size: 64
  kernel: 4
  latent_dim: 9
  m_lambda: 0.660767618756237
  num_CL: 4
  num_HL: 2
  opt_lr: 0.0001026937076990456
  opt_wd: 1.472610115498027e-06
  size_CL: 25
score: 0.740952380952381
