config:
  batch_size: 128
  kernel: 4
  latent_dim: 32
  m_lambda: 1.0701152823753908
  num_CL: 4
  num_HL: 2
  opt_lr: 1.8133526970574234e-05
  opt_wd: 2.516697847440527e-06
  size_CL: 21
score: 0.8403451995685005
