config:
  batch_size: 64
  kernel: 4
  latent_dim: 561
  m_lambda: 1.9585414058151183
  num_CL: 4
  num_HL: 2
  opt_lr: 5.474683522919403e-05
  opt_wd: 5.442036856594803e-06
  size_CL: 30
score: 0.8219491525423729
