config:
  batch_size: 128
  latent_dim: 208
  num_HL: 4
  opt_lr: 0.000302699575304136
  opt_wd: 4.514365157385381e-06
score: 0.6632686084142395
