config:
  batch_size: 128
  kernel: 3
  latent_dim: 9
  m_lambda: 2.8126283809556276
  num_CL: 3
  num_HL: 4
  opt_lr: 1.5547535961420114e-05
  opt_wd: 8.965882781733276e-06
  size_CL: 24
score: 0.7551643192488263
