config:
  batch_size: 64
  latent_dim: 106
  num_HL: 3
  opt_lr: 1.0001629701e-05
  opt_wd: 7.837678870131854e-06
score: 0.8387270765911541
