config:
  batch_size: 128
  kernel: 3
  latent_dim: 63
  num_CL: 2
  num_HL: 3
  opt_lr: 0.0001638755229069182
  opt_wd: 2.750011246811112e-06
  size_CL: 32
score: 0.7372707659115426
