config:
  batch_size: 128
  kernel: 2
  latent_dim: 11
  m_lambda: 2.327038043770913
  num_CL: 4
  num_HL: 3
  opt_lr: 1.2817471792743883e-05
  opt_wd: 4.598757338778489e-06
  size_CL: 7
score: 0.7470334412081985
