config:
  batch_size: 128
  latent_dim: 9
  num_HL: 2
  opt_lr: 0.00036535142342760535
  opt_wd: 8.709433508589024e-06
score: 0.7272881355932203
