config:
  batch_size: 128
  latent_dim: 9
  num_HL: 2
  opt_lr: 2.7292852361204938e-05
  opt_wd: 4.178219697561313e-06
score: 0.6563646170442287
