config:
  batch_size: 128
  latent_dim: 144
  m_lambda: 0.4307870669755318
  num_HL: 2
  opt_lr: 2.1109711026338773e-05
  opt_wd: 4.169510670938009e-06
score: 0.7613559322033898
