config:
  batch_size: 129
  latent_dim: 86
  m_lambda: 0.47391383590854175
  num_HL: 2
  opt_lr: 4.765827834595432e-05
  opt_wd: 3.861187845635435e-06
score: 0.7962441314553992
