config:
  batch_size: 128
  latent_dim: 9
  num_HL: 4
  opt_lr: 0.00016336323259183525
  opt_wd: 4.351549083375402e-06
score: 0.7506472491909385
