config:
  batch_size: 64
  latent_dim: 98
  m_lambda: 0.28564512068008197
  num_HL: 2
  opt_lr: 0.0002030391483394423
  opt_wd: 5.5662722566544716e-06
score: 0.7988133764832794
