config:
  batch_size: 64
  latent_dim: 59
  num_HL: 2
  opt_lr: 0.0004480352193318301
  opt_wd: 3.63217362144197e-08
score: 0.8805932203389831
