config:
  batch_size: 128
  latent_dim: 525
  num_HL: 4
  opt_lr: 0.00018218698471162404
  opt_wd: 5.80550377584158e-06
score: 0.6818230852211435
