config:
  batch_size: 64
  latent_dim: 132
  num_HL: 3
  opt_lr: 0.00017735140345592334
  opt_wd: 5.210603365460212e-06
score: 0.6591154261057174
