config:
  umap_epochs: 296
  umap_mdist: 0.7479146780835376
  umap_ncomp: 9
  umap_neigh: 6
  umap_spread: 1.7880071839735165
score: 0.6523809523809524
