config:
  umap_epochs: 177
  umap_mdist: 0.5153200510817145
  umap_ncomp: 8
  umap_neigh: 6
  umap_spread: 1.0430990458548508
score: 0.6523809523809524
