config:
  batch_size: 129
  latent_dim: 13
  m_lambda: 1.175291169340669
  num_HL: 2
  opt_lr: 3.086786465316559e-05
  opt_wd: 4.1650618161510265e-06
score: 0.6364617044228695
