config:
  batch_size: 64
  latent_dim: 9
  num_HL: 3
  opt_lr: 0.00015893307595460796
  opt_wd: 6.367138124434422e-06
score: 0.6002347417840375
