config:
  batch_size: 128
  latent_dim: 222
  m_lambda: 2.477692679923669
  num_HL: 8
  opt_lr: 1.42539595890021e-05
  opt_wd: 7.791430232319765e-06
score: 0.6399137001078748
