config:
  batch_size: 128
  kernel: 4
  latent_dim: 76
  num_CL: 2
  num_HL: 2
  opt_lr: 1.163600330151502e-05
  opt_wd: 5.2342232293405455e-06
  size_CL: 29
score: 0.861764705882353
