config:
  batch_size: 64
  latent_dim: 16
  m_lambda: 1.5582399603152999
  num_HL: 3
  opt_lr: 0.0007739769758744261
  opt_wd: 7.608825616942197e-06
score: 0.7750809061488673
