config:
  batch_size: 64
  latent_dim: 161
  num_HL: 3
  opt_lr: 1.0742758448901765e-05
  opt_wd: 7.155045435375334e-06
score: 0.840722761596548
