config:
  batch_size: 64
  latent_dim: 17
  m_lambda: 0.6784134506423801
  num_HL: 2
  opt_lr: 0.0002618238732962811
  opt_wd: 2.3369582874525106e-06
score: 0.7453389830508474
