config:
  batch_size: 128
  kernel: 3
  latent_dim: 9
  m_lambda: 1.3744112098527426
  num_CL: 4
  num_HL: 3
  opt_lr: 1.4065902303473235e-05
  opt_wd: 6.826082423809356e-06
  size_CL: 7
score: 0.7486515641855448
