config:
  batch_size: 64
  latent_dim: 206
  m_lambda: 0.5626651674954136
  num_HL: 2
  opt_lr: 0.0009965901919014313
  opt_wd: 3.933204473101167e-06
score: 0.7670338983050848
