config:
  batch_size: 64
  latent_dim: 220
  m_lambda: 0.23314276278513776
  num_HL: 2
  opt_lr: 0.0009962610199518288
  opt_wd: 4.346094456784393e-06
score: 0.771186440677966
