config:
  umap_epochs: 241
  umap_mdist: 0.001672114404820707
  umap_ncomp: 7
  umap_neigh: 5
  umap_spread: 1.6925943881255405
score: 0.42488262910798125
