config:
  umap_epochs: 475
  umap_mdist: 1.188435991623278
  umap_ncomp: 5
  umap_neigh: 5
  umap_spread: 0.25525147943388926
score: 0.43896713615023475
