config:
  batch_size: 64
  latent_dim: 719
  num_HL: 3
  opt_lr: 0.0001100265985178078
  opt_wd: 6.193067814708961e-06
score: 0.7700847457627119
