config:
  batch_size: 64
  latent_dim: 58
  m_lambda: 2.281304937744622
  num_HL: 2
  opt_lr: 0.0009111497685051421
  opt_wd: 3.934452424108272e-06
score: 0.7813376483279395
