config:
  batch_size: 64
  kernel: 4
  latent_dim: 17
  m_lambda: 0.9968080693344709
  num_CL: 2
  num_HL: 2
  opt_lr: 5.1279991356227145e-05
  opt_wd: 2.6154177180467262e-06
  size_CL: 7
score: 0.78
