config:
  batch_size: 128
  kernel: 4
  latent_dim: 344
  num_CL: 3
  num_HL: 2
  opt_lr: 1.7560142912955888e-05
  opt_wd: 1.1954331073048532e-06
  size_CL: 25
score: 0.8214670981661273
