config:
  batch_size: 64
  kernel: 2
  latent_dim: 24
  m_lambda: 2.9169658164505865
  num_CL: 3
  num_HL: 3
  opt_lr: 5.425169006341904e-05
  opt_wd: 1.3910207062466524e-06
  size_CL: 6
score: 0.7838028169014084
