config:
  batch_size: 64
  latent_dim: 7
  m_lambda: 0.6586640830893971
  num_HL: 4
  opt_lr: 0.0009267240793615531
  opt_wd: 7.212650921154285e-06
score: 0.758235294117647
