config:
  batch_size: 64
  latent_dim: 311
  m_lambda: 1.047252543682499
  num_HL: 3
  opt_lr: 0.00036351224636420565
  opt_wd: 5.8033140838481285e-06
score: 0.6428263214670983
