config:
  batch_size: 64
  latent_dim: 90
  num_HL: 3
  opt_lr: 0.000368173535264213
  opt_wd: 6.045848466413244e-06
score: 0.8847619047619049
