config:
  batch_size: 128
  latent_dim: 18
  num_HL: 2
  opt_lr: 0.0004385321478335478
  opt_wd: 3.8953333993366045e-06
score: 0.756271186440678
