config:
  batch_size: 64
  latent_dim: 128
  num_HL: 3
  opt_lr: 1.1100229836451187e-05
  opt_wd: 9.126483763119423e-06
score: 0.8401833872707659
