config:
  batch_size: 128
  kernel: 2
  latent_dim: 136
  m_lambda: 1.0940050108116832
  num_CL: 4
  num_HL: 2
  opt_lr: 0.00018314520959711281
  opt_wd: 4.601436372635469e-06
  size_CL: 7
score: 0.8314994606256741
