config:
  batch_size: 64
  kernel: 4
  latent_dim: 8
  num_CL: 2
  num_HL: 2
  opt_lr: 5.5861009434222086e-05
  opt_wd: 1.8660020913062281e-06
  size_CL: 6
score: 0.7917647058823529
