config:
  batch_size: 128
  kernel: 4
  latent_dim: 77
  m_lambda: 1.631094045825881
  num_CL: 4
  num_HL: 3
  opt_lr: 2.165203176059332e-05
  opt_wd: 8.229765875176093e-06
  size_CL: 13
score: 0.861737089201878
