config:
  umap_epochs: 233
  umap_mdist: 1.4883354771432342
  umap_ncomp: 11
  umap_neigh: 13
  umap_spread: 1.6379310067547614
score: 0.6369491525423728
