config:
  batch_size: 129
  latent_dim: 8
  m_lambda: 2.1747162603811345
  num_HL: 8
  opt_lr: 3.2820061065361915e-05
  opt_wd: 1.2163184218898421e-06
score: 0.668809523809524
