config:
  umap_epochs: 155
  umap_mdist: 0.9436743673189308
  umap_ncomp: 9
  umap_neigh: 13
  umap_spread: 1.1001752637280833
score: 0.6531823085221143
