config:
  batch_size: 64
  latent_dim: 30
  m_lambda: 2.2709751463559247
  num_HL: 7
  opt_lr: 1.093738907231686e-05
  opt_wd: 4.879155334874196e-06
score: 0.6943661971830986
