config:
  batch_size: 128
  latent_dim: 44
  num_HL: 3
  opt_lr: 0.0003468986421102925
  opt_wd: 5.385700757669865e-07
score: -0.1
