config:
  batch_size: 64
  latent_dim: 85
  num_HL: 3
  opt_lr: 1.6485811464405536e-05
  opt_wd: 8.823621946309602e-06
score: 0.8375943905070118
