config:
  batch_size: 128
  kernel: 2
  latent_dim: 91
  m_lambda: 0.5620836731730003
  num_CL: 4
  num_HL: 2
  opt_lr: 2.624786520817234e-05
  opt_wd: 8.127899819284152e-06
  size_CL: 14
score: 0.8276470588235293
