config:
  batch_size: 64
  kernel: 4
  latent_dim: 17
  num_CL: 3
  num_HL: 2
  opt_lr: 3.013052926957218e-05
  opt_wd: 7.231585869760023e-07
  size_CL: 4
score: 0.7297619047619048
