config:
  batch_size: 64
  latent_dim: 9
  num_HL: 3
  opt_lr: 4.388017012137118e-05
  opt_wd: 7.5308827297161466e-06
score: 0.7661764705882352
