config:
  batch_size: 128
  kernel: 2
  latent_dim: 118
  m_lambda: 1.113236630652436
  num_CL: 4
  num_HL: 3
  opt_lr: 0.0001406374480927867
  opt_wd: 6.951510649424336e-06
  size_CL: 4
score: 0.7845738942826321
