config:
  batch_size: 128
  latent_dim: 59
  num_HL: 2
  opt_lr: 0.0004157461684015173
  opt_wd: 8.39044162644909e-06
score: 0.7700847457627118
