config:
  batch_size: 64
  kernel: 4
  latent_dim: 9
  num_CL: 4
  num_HL: 3
  opt_lr: 0.00012333423968265023
  opt_wd: 2.279407175135569e-06
  size_CL: 17
score: 0.7747033441208198
