config:
  batch_size: 64
  kernel: 4
  latent_dim: 9
  num_CL: 4
  num_HL: 2
  opt_lr: 1.0030598386063289e-05
  opt_wd: 5.272108990664713e-06
  size_CL: 20
score: 0.8099244875943906
