iteration,trial_id,score,config
6127,40df3401,0.6105177993527509,"{'batch_size': 128, 'num_CL': 2, 'size_CL': 12, 'kernel': 4, 'num_HL': 3, 'latent_dim': 3, 'opt_lr': 4.197606141106255e-05, 'opt_wd': 2.468122259260275e-07}"
6281,eae29148,0.16666666666666669,"{'batch_size': 128, 'num_CL': 3, 'size_CL': 11, 'kernel': 2, 'num_HL': 4, 'latent_dim': 4, 'opt_lr': 0.0004949152158182288, 'opt_wd': 6.527400683260768e-06}"
6889,68e66e87,0.5943905070118662,"{'batch_size': 64, 'num_CL': 3, 'size_CL': 21, 'kernel': 3, 'num_HL': 3, 'latent_dim': 7, 'opt_lr': 0.000275697480567059, 'opt_wd': 2.433400342952131e-06}"
7160,fa0b0549,0.519795037756203,"{'batch_size': 128, 'num_CL': 4, 'size_CL': 17, 'kernel': 4, 'num_HL': 2, 'latent_dim': 4, 'opt_lr': 1.6326357560951414e-05, 'opt_wd': 2.1063774545680538e-07}"
12304,2588ca1e,0.7466019417475728,"{'batch_size': 64, 'num_CL': 3, 'size_CL': 31, 'kernel': 3, 'num_HL': 3, 'latent_dim': 7, 'opt_lr': 1.2564584221814128e-05, 'opt_wd': 9.083444988367425e-06}"
14736,4b1f0aa1,0.5021574973031284,"{'batch_size': 64, 'num_CL': 3, 'size_CL': 26, 'kernel': 3, 'num_HL': 2, 'latent_dim': 8, 'opt_lr': 1.5855599394079346e-05, 'opt_wd': 5.524252437216349e-07}"
14822,fc100ef8,0.7240021574973031,"{'batch_size': 128, 'num_CL': 3, 'size_CL': 16, 'kernel': 4, 'num_HL': 3, 'latent_dim': 7, 'opt_lr': 0.0005860033295328128, 'opt_wd': 5.364669071894879e-06}"
15238,d18d5add,0.16666666666666669,"{'batch_size': 64, 'num_CL': 4, 'size_CL': 27, 'kernel': 2, 'num_HL': 2, 'latent_dim': 4, 'opt_lr': 0.0002843706716936033, 'opt_wd': 7.536023275026545e-06}"
15998,ce555a1c,0.16666666666666669,"{'batch_size': 128, 'num_CL': 3, 'size_CL': 27, 'kernel': 4, 'num_HL': 3, 'latent_dim': 6, 'opt_lr': 3.698258228450718e-05, 'opt_wd': 8.147787836479408e-06}"
18700,2de195d8,0.6473570658036677,"{'batch_size': 128, 'num_CL': 3, 'size_CL': 20, 'kernel': 2, 'num_HL': 2, 'latent_dim': 9, 'opt_lr': 0.0001209966666538548, 'opt_wd': 2.4400280176877235e-08}"
19088,91201eec,0.6084142394822006,"{'batch_size': 64, 'num_CL': 4, 'size_CL': 6, 'kernel': 4, 'num_HL': 2, 'latent_dim': 7, 'opt_lr': 6.654114819009794e-05, 'opt_wd': 4.862637213811949e-07}"
19276,ef9d5972,0.16666666666666669,"{'batch_size': 64, 'num_CL': 3, 'size_CL': 10, 'kernel': 3, 'num_HL': 4, 'latent_dim': 3, 'opt_lr': 0.0008251119462876198, 'opt_wd': 3.134939972124206e-06}"
20629,592f5d8b,0.16666666666666669,"{'batch_size': 128, 'num_CL': 3, 'size_CL': 20, 'kernel': 3, 'num_HL': 2, 'latent_dim': 7, 'opt_lr': 0.00015674545384695437, 'opt_wd': 1.737050319655732e-06}"
21184,d49ec534,0.6420711974110034,"{'batch_size': 128, 'num_CL': 3, 'size_CL': 15, 'kernel': 4, 'num_HL': 3, 'latent_dim': 3, 'opt_lr': 0.0007835156997933709, 'opt_wd': 7.793302840644309e-06}"
24200,df0a3a8e,0.16666666666666669,"{'batch_size': 128, 'num_CL': 3, 'size_CL': 9, 'kernel': 2, 'num_HL': 2, 'latent_dim': 3, 'opt_lr': 0.00019747379710243734, 'opt_wd': 9.42388291605722e-06}"
25367,54b91ccb,0.6279935275080906,"{'batch_size': 128, 'num_CL': 2, 'size_CL': 12, 'kernel': 2, 'num_HL': 3, 'latent_dim': 3, 'opt_lr': 1.911901311730803e-05, 'opt_wd': 3.450250501023866e-06}"
27498,7c9ca4a2,0.607982740021575,"{'batch_size': 128, 'num_CL': 2, 'size_CL': 9, 'kernel': 3, 'num_HL': 4, 'latent_dim': 3, 'opt_lr': 4.1057797460451674e-05, 'opt_wd': 8.880318944557811e-06}"
29498,1ee16278,0.16666666666666669,"{'batch_size': 64, 'num_CL': 3, 'size_CL': 28, 'kernel': 2, 'num_HL': 4, 'latent_dim': 4, 'opt_lr': 0.00022141290062997225, 'opt_wd': 2.827129672311474e-06}"
29852,7a781756,0.6021574973031284,"{'batch_size': 128, 'num_CL': 4, 'size_CL': 28, 'kernel': 2, 'num_HL': 3, 'latent_dim': 9, 'opt_lr': 0.00010900226267872095, 'opt_wd': 8.76830435909276e-06}"
31649,378c2729,0.6127292340884574,"{'batch_size': 64, 'num_CL': 4, 'size_CL': 3, 'kernel': 4, 'num_HL': 3, 'latent_dim': 6, 'opt_lr': 0.0005128691272973899, 'opt_wd': 4.731598865488279e-06}"
31738,099bb609,0.6898058252427184,"{'batch_size': 64, 'num_CL': 2, 'size_CL': 20, 'kernel': 4, 'num_HL': 2, 'latent_dim': 5, 'opt_lr': 4.099235711402661e-05, 'opt_wd': 9.683058001871278e-06}"
38568,c90cc3ca,0.16666666666666669,"{'batch_size': 64, 'num_CL': 2, 'size_CL': 14, 'kernel': 4, 'num_HL': 4, 'latent_dim': 6, 'opt_lr': 0.0004437510095562253, 'opt_wd': 4.267059562590764e-06}"
40262,73e85214,0.737108953613808,"{'batch_size': 64, 'num_CL': 2, 'size_CL': 32, 'kernel': 3, 'num_HL': 3, 'latent_dim': 8, 'opt_lr': 1.0239549594802314e-05, 'opt_wd': 5.41895086468025e-06}"
40438,62d07d5c,0.16666666666666669,"{'batch_size': 64, 'num_CL': 3, 'size_CL': 23, 'kernel': 3, 'num_HL': 3, 'latent_dim': 8, 'opt_lr': 7.259264797643954e-05, 'opt_wd': 6.6378639077315045e-06}"
40624,d5f193cf,0.16666666666666669,"{'batch_size': 64, 'num_CL': 3, 'size_CL': 17, 'kernel': 4, 'num_HL': 3, 'latent_dim': 7, 'opt_lr': 1.203144609507965e-05, 'opt_wd': 5.630441076968532e-06}"
45795,a55ade99,0.7090075512405609,"{'batch_size': 128, 'num_CL': 4, 'size_CL': 32, 'kernel': 3, 'num_HL': 3, 'latent_dim': 5, 'opt_lr': 2.662003812737571e-05, 'opt_wd': 6.2706662843075586e-06}"
53341,bb7ce01b,0.16666666666666669,"{'batch_size': 64, 'num_CL': 2, 'size_CL': 24, 'kernel': 3, 'num_HL': 3, 'latent_dim': 8, 'opt_lr': 2.5712437615327755e-05, 'opt_wd': 6.050187808870474e-06}"
54282,7693a309,0.6510248112189859,"{'batch_size': 128, 'num_CL': 3, 'size_CL': 6, 'kernel': 3, 'num_HL': 4, 'latent_dim': 8, 'opt_lr': 7.271228296072284e-05, 'opt_wd': 4.090226891312839e-06}"
55714,5cab9dac,0.7111111111111111,"{'batch_size': 64, 'num_CL': 2, 'size_CL': 30, 'kernel': 3, 'num_HL': 3, 'latent_dim': 8, 'opt_lr': 1.0182420691422858e-05, 'opt_wd': 1.3892312899671478e-06}"
57351,817d4245,0.7075512405609493,"{'batch_size': 64, 'num_CL': 2, 'size_CL': 32, 'kernel': 3, 'num_HL': 3, 'latent_dim': 9, 'opt_lr': 1.177371781470547e-05, 'opt_wd': 7.150504868987389e-06}"
66119,9b013cc3,0.7373247033441208,"{'batch_size': 64, 'num_CL': 2, 'size_CL': 30, 'kernel': 3, 'num_HL': 4, 'latent_dim': 9, 'opt_lr': 2.2483336840833758e-05, 'opt_wd': 9.853250798247633e-06}"
71316,3f7a1ec0,0.7077669902912622,"{'batch_size': 64, 'num_CL': 2, 'size_CL': 30, 'kernel': 3, 'num_HL': 3, 'latent_dim': 6, 'opt_lr': 5.669487301608516e-05, 'opt_wd': 8.443754154982346e-06}"
72437,1f074adb,0.16666666666666669,"{'batch_size': 64, 'num_CL': 3, 'size_CL': 22, 'kernel': 3, 'num_HL': 3, 'latent_dim': 7, 'opt_lr': 5.2000274941225836e-05, 'opt_wd': 1.99947361738387e-06}"
75155,4d2276e3,0.16666666666666669,"{'batch_size': 64, 'num_CL': 2, 'size_CL': 31, 'kernel': 2, 'num_HL': 3, 'latent_dim': 8, 'opt_lr': 1.4489732649259611e-05, 'opt_wd': 4.9477656400384445e-06}"
75440,8df7850d,-0.1,"{'batch_size': 64, 'num_CL': 2, 'size_CL': 29, 'kernel': 4, 'num_HL': 4, 'latent_dim': 6, 'opt_lr': 1.4531736858116704e-05, 'opt_wd': 9.022616219450962e-06}"
77297,6bee02a5,0.6935275080906149,"{'batch_size': 64, 'num_CL': 4, 'size_CL': 24, 'kernel': 3, 'num_HL': 4, 'latent_dim': 5, 'opt_lr': 3.090254698112737e-05, 'opt_wd': 6.9516391085675795e-06}"
84664,26aa516f,0.575512405609493,"{'batch_size': 64, 'num_CL': 4, 'size_CL': 26, 'kernel': 3, 'num_HL': 4, 'latent_dim': 9, 'opt_lr': 2.1503977531848203e-05, 'opt_wd': 9.322511993425639e-06}"
86766,20be14aa,0.746116504854369,"{'batch_size': 64, 'num_CL': 3, 'size_CL': 25, 'kernel': 3, 'num_HL': 2, 'latent_dim': 7, 'opt_lr': 5.316786894422926e-05, 'opt_wd': 9.908300374513488e-06}"
90002,bd9b0b4d,0.16666666666666669,"{'batch_size': 64, 'num_CL': 3, 'size_CL': 26, 'kernel': 2, 'num_HL': 4, 'latent_dim': 2, 'opt_lr': 3.3030583350740665e-05, 'opt_wd': 7.829316190965733e-06}"
93054,0aa05a16,0.6329018338727077,"{'batch_size': 64, 'num_CL': 4, 'size_CL': 18, 'kernel': 2, 'num_HL': 4, 'latent_dim': 9, 'opt_lr': 2.558481788790067e-05, 'opt_wd': 8.078322909617146e-06}"
93789,be174081,0.16666666666666669,"{'batch_size': 64, 'num_CL': 3, 'size_CL': 22, 'kernel': 4, 'num_HL': 2, 'latent_dim': 2, 'opt_lr': 8.748331622826218e-05, 'opt_wd': 7.4586465561641e-06}"
94096,9320eef1,0.7103559870550161,"{'batch_size': 64, 'num_CL': 3, 'size_CL': 30, 'kernel': 3, 'num_HL': 4, 'latent_dim': 9, 'opt_lr': 1.9465093809443873e-05, 'opt_wd': 9.866479915661232e-06}"
95361,e865387f,0.7251887810140237,"{'batch_size': 64, 'num_CL': 3, 'size_CL': 24, 'kernel': 3, 'num_HL': 2, 'latent_dim': 7, 'opt_lr': 0.0001262567663604146, 'opt_wd': 8.329899026325157e-06}"
97222,8eb41582,0.16666666666666669,"{'batch_size': 64, 'num_CL': 3, 'size_CL': 19, 'kernel': 3, 'num_HL': 2, 'latent_dim': 5, 'opt_lr': 0.0003313540372165378, 'opt_wd': 8.554947133970631e-06}"
100708,126e920d,0.6589536138079828,"{'batch_size': 128, 'num_CL': 3, 'size_CL': 14, 'kernel': 3, 'num_HL': 2, 'latent_dim': 4, 'opt_lr': 0.0001967184785619101, 'opt_wd': 9.945768011577698e-06}"
101745,86bbd2fb,0.6855447680690399,"{'batch_size': 64, 'num_CL': 3, 'size_CL': 28, 'kernel': 4, 'num_HL': 2, 'latent_dim': 7, 'opt_lr': 0.0001525198670753337, 'opt_wd': 5.875525781099801e-06}"
104903,ddd87224,0.16666666666666669,"{'batch_size': 64, 'num_CL': 4, 'size_CL': 21, 'kernel': 3, 'num_HL': 2, 'latent_dim': 6, 'opt_lr': 3.3106543870750666e-05, 'opt_wd': 9.550935497752512e-06}"
106106,828be017,0.7395361380798274,"{'batch_size': 64, 'num_CL': 3, 'size_CL': 27, 'kernel': 2, 'num_HL': 3, 'latent_dim': 7, 'opt_lr': 8.748739294956235e-05, 'opt_wd': 6.83679493869507e-06}"
108081,c8b5c2fe,0.16666666666666669,"{'batch_size': 128, 'num_CL': 3, 'size_CL': 25, 'kernel': 2, 'num_HL': 2, 'latent_dim': 5, 'opt_lr': 0.0003514212262270922, 'opt_wd': 7.541313390524001e-06}"
110385,194d4e76,0.7107874865156419,"{'batch_size': 64, 'num_CL': 4, 'size_CL': 25, 'kernel': 2, 'num_HL': 2, 'latent_dim': 6, 'opt_lr': 4.975278226099724e-05, 'opt_wd': 9.208860643657126e-06}"
112074,f27d9944,0.7158036677454154,"{'batch_size': 64, 'num_CL': 3, 'size_CL': 18, 'kernel': 4, 'num_HL': 3, 'latent_dim': 8, 'opt_lr': 1.6586699155814423e-05, 'opt_wd': 6.47510706852219e-06}"
112787,f8db10bc,0.7268608414239482,"{'batch_size': 64, 'num_CL': 3, 'size_CL': 22, 'kernel': 3, 'num_HL': 3, 'latent_dim': 7, 'opt_lr': 0.0002446900765722293, 'opt_wd': 1.0017721704706987e-06}"
113086,147e2a25,0.16666666666666669,"{'batch_size': 64, 'num_CL': 3, 'size_CL': 2, 'kernel': 2, 'num_HL': 3, 'latent_dim': 7, 'opt_lr': 0.0007069589945816227, 'opt_wd': 8.045932834946125e-06}"
114297,e5deec20,0.654638619201726,"{'batch_size': 128, 'num_CL': 4, 'size_CL': 12, 'kernel': 4, 'num_HL': 2, 'latent_dim': 4, 'opt_lr': 0.00013088683012351797, 'opt_wd': 3.5741433459029407e-06}"
118215,9e19e299,0.7252427184466019,"{'batch_size': 64, 'num_CL': 3, 'size_CL': 16, 'kernel': 3, 'num_HL': 2, 'latent_dim': 6, 'opt_lr': 6.278790501100253e-05, 'opt_wd': 7.2674568391538145e-06}"
120251,847af965,0.4886731391585761,"{'batch_size': 64, 'num_CL': 3, 'size_CL': 7, 'kernel': 2, 'num_HL': 3, 'latent_dim': 8, 'opt_lr': 1.2060076658312912e-05, 'opt_wd': 4.330581410159137e-06}"
122334,aa80bd4d,0.7192556634304206,"{'batch_size': 64, 'num_CL': 3, 'size_CL': 31, 'kernel': 4, 'num_HL': 2, 'latent_dim': 5, 'opt_lr': 4.635303566031687e-05, 'opt_wd': 2.694283592688762e-06}"
122486,6a03fa0c,0.16666666666666669,"{'batch_size': 128, 'num_CL': 4, 'size_CL': 29, 'kernel': 3, 'num_HL': 3, 'latent_dim': 6, 'opt_lr': 3.8136550842888794e-05, 'opt_wd': 9.518881972464203e-06}"
123426,3f95c581,0.732470334412082,"{'batch_size': 128, 'num_CL': 4, 'size_CL': 27, 'kernel': 3, 'num_HL': 3, 'latent_dim': 8, 'opt_lr': 9.137319853037663e-05, 'opt_wd': 8.850785494794632e-06}"
127687,5ab9efcb,0.6675296655879179,"{'batch_size': 64, 'num_CL': 3, 'size_CL': 19, 'kernel': 3, 'num_HL': 2, 'latent_dim': 4, 'opt_lr': 0.00010828203523300166, 'opt_wd': 8.685720038656826e-06}"
127917,8ed9dbe3,-0.1,"{'batch_size': 64, 'num_CL': 2, 'size_CL': 31, 'kernel': 3, 'num_HL': 4, 'latent_dim': 6, 'opt_lr': 7.258547449831889e-05, 'opt_wd': 5.077547033731355e-06}"
128400,3a6f01a1,0.7348435814455232,"{'batch_size': 64, 'num_CL': 2, 'size_CL': 25, 'kernel': 4, 'num_HL': 3, 'latent_dim': 7, 'opt_lr': 1.7156360291124663e-05, 'opt_wd': 5.380899696105219e-06}"
130115,2298c914,0.16666666666666669,"{'batch_size': 64, 'num_CL': 3, 'size_CL': 23, 'kernel': 3, 'num_HL': 2, 'latent_dim': 8, 'opt_lr': 0.00017589418794420898, 'opt_wd': 3.879573314579332e-06}"
130120,a7155c9a,0.16666666666666669,"{'batch_size': 128, 'num_CL': 2, 'size_CL': 21, 'kernel': 3, 'num_HL': 3, 'latent_dim': 7, 'opt_lr': 0.0001516766425084726, 'opt_wd': 7.73610437183643e-06}"
130806,9c644062,0.16666666666666669,"{'batch_size': 64, 'num_CL': 4, 'size_CL': 14, 'kernel': 2, 'num_HL': 3, 'latent_dim': 9, 'opt_lr': 2.8728240536534098e-05, 'opt_wd': 9.98274709562218e-06}"
143071,2d5d3333,0.16666666666666669,"{'batch_size': 64, 'num_CL': 3, 'size_CL': 27, 'kernel': 2, 'num_HL': 3, 'latent_dim': 7, 'opt_lr': 6.12693460179335e-05, 'opt_wd': 6.248088394733632e-06}"
143080,0d5ad303,0.7300970873786408,"{'batch_size': 64, 'num_CL': 3, 'size_CL': 28, 'kernel': 2, 'num_HL': 3, 'latent_dim': 7, 'opt_lr': 9.282338651020442e-05, 'opt_wd': 6.822814426069676e-06}"
143197,9780eb82,0.6127292340884574,"{'batch_size': 64, 'num_CL': 3, 'size_CL': 29, 'kernel': 3, 'num_HL': 3, 'latent_dim': 7, 'opt_lr': 0.0002823906144654725, 'opt_wd': 5.780161041478579e-06}"
144433,d46e377c,0.7347896440129451,"{'batch_size': 64, 'num_CL': 3, 'size_CL': 23, 'kernel': 2, 'num_HL': 3, 'latent_dim': 6, 'opt_lr': 0.00010485686972904674, 'opt_wd': 8.193502132331475e-06}"
158968,fdd9e6ca,0.7170981661272923,"{'batch_size': 64, 'num_CL': 3, 'size_CL': 26, 'kernel': 3, 'num_HL': 3, 'latent_dim': 5, 'opt_lr': 5.484929034876431e-05, 'opt_wd': 7.315430154140011e-06}"
159022,ef2eda90,0.16666666666666669,"{'batch_size': 64, 'num_CL': 3, 'size_CL': 27, 'kernel': 3, 'num_HL': 3, 'latent_dim': 8, 'opt_lr': 0.00044007682911411896, 'opt_wd': 6.970688705335795e-06}"
160306,cc8a4d7a,0.7009708737864078,"{'batch_size': 64, 'num_CL': 3, 'size_CL': 32, 'kernel': 3, 'num_HL': 3, 'latent_dim': 8, 'opt_lr': 7.993049197977974e-05, 'opt_wd': 9.085635345770097e-06}"
160856,bf4e9aca,0.16666666666666669,"{'batch_size': 64, 'num_CL': 3, 'size_CL': 28, 'kernel': 2, 'num_HL': 3, 'latent_dim': 7, 'opt_lr': 0.0009397588043378036, 'opt_wd': 8.426218023154045e-06}"
161244,a53deb0c,0.16666666666666669,"{'batch_size': 64, 'num_CL': 3, 'size_CL': 31, 'kernel': 3, 'num_HL': 3, 'latent_dim': 6, 'opt_lr': 4.4924126436537074e-05, 'opt_wd': 7.893821882582859e-06}"
170495,698f162a,0.16666666666666669,"{'batch_size': 128, 'num_CL': 3, 'size_CL': 20, 'kernel': 3, 'num_HL': 3, 'latent_dim': 6, 'opt_lr': 0.0002449356738266976, 'opt_wd': 9.660904623455064e-06}"
174260,0c9162e7,0.16666666666666669,"{'batch_size': 64, 'num_CL': 2, 'size_CL': 24, 'kernel': 3, 'num_HL': 3, 'latent_dim': 8, 'opt_lr': 2.2379754926534253e-05, 'opt_wd': 6.692227838014186e-06}"
176603,a7a6e612,0.16666666666666669,"{'batch_size': 64, 'num_CL': 3, 'size_CL': 26, 'kernel': 2, 'num_HL': 4, 'latent_dim': 9, 'opt_lr': 0.00013665039994658322, 'opt_wd': 6.049837596980073e-06}"
186414,1c79bd53,0.682955771305286,"{'batch_size': 64, 'num_CL': 3, 'size_CL': 21, 'kernel': 2, 'num_HL': 2, 'latent_dim': 5, 'opt_lr': 0.00011757959996250976, 'opt_wd': 8.944957228914324e-06}"
194329,383d2f80,0.7091693635382956,"{'batch_size': 64, 'num_CL': 3, 'size_CL': 30, 'kernel': 3, 'num_HL': 4, 'latent_dim': 8, 'opt_lr': 1.3687035055265717e-05, 'opt_wd': 4.65623818708997e-06}"
194953,5a45bff8,0.7102481121898597,"{'batch_size': 128, 'num_CL': 3, 'size_CL': 19, 'kernel': 4, 'num_HL': 3, 'latent_dim': 6, 'opt_lr': 0.000348384540087973, 'opt_wd': 7.1047229975273545e-06}"
199453,cfb3f393,0.740453074433657,"{'batch_size': 64, 'num_CL': 3, 'size_CL': 29, 'kernel': 3, 'num_HL': 3, 'latent_dim': 7, 'opt_lr': 3.573252249573099e-05, 'opt_wd': 6.408419084166114e-06}"
199874,ecc07c2c,0.6531823085221143,"{'batch_size': 64, 'num_CL': 2, 'size_CL': 25, 'kernel': 3, 'num_HL': 4, 'latent_dim': 7, 'opt_lr': 8.064563735802841e-05, 'opt_wd': 7.673013913581171e-06}"
202553,e87a0002,0.7222761596548005,"{'batch_size': 64, 'num_CL': 3, 'size_CL': 17, 'kernel': 2, 'num_HL': 2, 'latent_dim': 8, 'opt_lr': 3.943650795915077e-05, 'opt_wd': 8.611804145859716e-06}"
203706,475da7af,0.7247572815533981,"{'batch_size': 64, 'num_CL': 4, 'size_CL': 11, 'kernel': 4, 'num_HL': 3, 'latent_dim': 9, 'opt_lr': 1.8987281310856496e-05, 'opt_wd': 9.27499727337038e-06}"
210060,f14f0611,0.16666666666666669,"{'batch_size': 64, 'num_CL': 4, 'size_CL': 31, 'kernel': 3, 'num_HL': 3, 'latent_dim': 7, 'opt_lr': 0.0005826982629706888, 'opt_wd': 9.867992014615814e-06}"
214032,e6af69bb,0.7271305285868392,"{'batch_size': 64, 'num_CL': 3, 'size_CL': 29, 'kernel': 3, 'num_HL': 3, 'latent_dim': 9, 'opt_lr': 3.449638728106714e-05, 'opt_wd': 3.358547482832996e-06}"
214209,6e7cc1d8,0.6824163969795037,"{'batch_size': 64, 'num_CL': 3, 'size_CL': 23, 'kernel': 3, 'num_HL': 2, 'latent_dim': 6, 'opt_lr': 2.8512994134322315e-05, 'opt_wd': 5.566571579288359e-06}"
215340,3bc49ed6,0.6395361380798275,"{'batch_size': 128, 'num_CL': 2, 'size_CL': 32, 'kernel': 3, 'num_HL': 4, 'latent_dim': 7, 'opt_lr': 2.3729841572038903e-05, 'opt_wd': 2.9537460794501804e-06}"
223681,6ca2bfdd,0.5345199568500539,"{'batch_size': 128, 'num_CL': 3, 'size_CL': 30, 'kernel': 3, 'num_HL': 2, 'latent_dim': 8, 'opt_lr': 1.558790031057008e-05, 'opt_wd': 2.3844455589795105e-06}"
226287,25bc1e19,0.699514563106796,"{'batch_size': 64, 'num_CL': 3, 'size_CL': 15, 'kernel': 3, 'num_HL': 3, 'latent_dim': 5, 'opt_lr': 1.0889948617963397e-05, 'opt_wd': 1.9160879063459707e-06}"
227223,3802d67e,0.16666666666666669,"{'batch_size': 64, 'num_CL': 4, 'size_CL': 29, 'kernel': 4, 'num_HL': 4, 'latent_dim': 6, 'opt_lr': 1.8081501572942653e-05, 'opt_wd': 5.098448705403118e-06}"
227497,63bf7c53,0.7096548004314995,"{'batch_size': 64, 'num_CL': 2, 'size_CL': 28, 'kernel': 3, 'num_HL': 3, 'latent_dim': 7, 'opt_lr': 2.102386966521166e-05, 'opt_wd': 3.866688359740131e-07}"
228153,ce0956e3,0.39374325782092773,"{'batch_size': 64, 'num_CL': 4, 'size_CL': 27, 'kernel': 3, 'num_HL': 3, 'latent_dim': 9, 'opt_lr': 1.3497201386640475e-05, 'opt_wd': 8.273726695990374e-06}"
229855,a8c6aee3,0.16666666666666669,"{'batch_size': 64, 'num_CL': 3, 'size_CL': 4, 'kernel': 3, 'num_HL': 2, 'latent_dim': 8, 'opt_lr': 4.418343959077803e-05, 'opt_wd': 6.552587474499351e-06}"
236443,1cbd6fed,0.6172060409924488,"{'batch_size': 64, 'num_CL': 3, 'size_CL': 18, 'kernel': 3, 'num_HL': 2, 'latent_dim': 3, 'opt_lr': 4.9802867897573215e-05, 'opt_wd': 9.72687321532733e-06}"
237088,5ddbc6f8,0.16666666666666669,"{'batch_size': 128, 'num_CL': 3, 'size_CL': 24, 'kernel': 3, 'num_HL': 3, 'latent_dim': 5, 'opt_lr': 6.823335004666977e-05, 'opt_wd': 4.5635574493336555e-06}"
243428,0d84d2d0,0.696925566343042,"{'batch_size': 64, 'num_CL': 2, 'size_CL': 32, 'kernel': 4, 'num_HL': 3, 'latent_dim': 4, 'opt_lr': 3.526258974026301e-05, 'opt_wd': 7.4429522160011994e-06}"
243937,850eb456,0.16666666666666669,"{'batch_size': 64, 'num_CL': 3, 'size_CL': 9, 'kernel': 3, 'num_HL': 3, 'latent_dim': 6, 'opt_lr': 1.0354383563963673e-05, 'opt_wd': 6.393116887063698e-06}"
244804,a709593a,0.6309600862998922,"{'batch_size': 64, 'num_CL': 4, 'size_CL': 26, 'kernel': 3, 'num_HL': 4, 'latent_dim': 6, 'opt_lr': 6.001495460573369e-05, 'opt_wd': 3.7164755113833596e-06}"
245866,a5a0c55b,0.7050161812297734,"{'batch_size': 128, 'num_CL': 3, 'size_CL': 30, 'kernel': 3, 'num_HL': 2, 'latent_dim': 7, 'opt_lr': 2.984665792441867e-05, 'opt_wd': 7.916884612432842e-06}"
246058,b3e48983,0.16666666666666669,"{'batch_size': 64, 'num_CL': 3, 'size_CL': 22, 'kernel': 4, 'num_HL': 3, 'latent_dim': 7, 'opt_lr': 2.5143991620973153e-05, 'opt_wd': 9.404081686768313e-06}"
252596,fefcaa7b,0.18230852211434737,"{'batch_size': 64, 'num_CL': 3, 'size_CL': 16, 'kernel': 3, 'num_HL': 3, 'latent_dim': 9, 'opt_lr': 2.060203220513993e-05, 'opt_wd': 6.112097860408929e-06}"
254704,f0f8050e,0.5053937432578209,"{'batch_size': 64, 'num_CL': 3, 'size_CL': 21, 'kernel': 3, 'num_HL': 2, 'latent_dim': 7, 'opt_lr': 3.1387330987326214e-05, 'opt_wd': 5.288448412924204e-06}"
255337,05d2e4b5,0.41370010787486516,"{'batch_size': 64, 'num_CL': 4, 'size_CL': 20, 'kernel': 3, 'num_HL': 3, 'latent_dim': 2, 'opt_lr': 4.1669415213387466e-05, 'opt_wd': 9.808820930226526e-08}"
258606,03083062,0.16666666666666669,"{'batch_size': 64, 'num_CL': 2, 'size_CL': 25, 'kernel': 4, 'num_HL': 4, 'latent_dim': 8, 'opt_lr': 1.2782392148199872e-05, 'opt_wd': 8.734176522990547e-06}"
262470,883fe59e,0.6686084142394823,"{'batch_size': 64, 'num_CL': 3, 'size_CL': 31, 'kernel': 3, 'num_HL': 3, 'latent_dim': 8, 'opt_lr': 3.762882417602609e-05, 'opt_wd': 1.04232795404495e-06}"
266092,b8658cef,0.713160733549083,"{'batch_size': 64, 'num_CL': 4, 'size_CL': 22, 'kernel': 3, 'num_HL': 2, 'latent_dim': 8, 'opt_lr': 0.00017755194804530602, 'opt_wd': 5.865161135583649e-06}"
266264,83b884b5,0.7102481121898598,"{'batch_size': 128, 'num_CL': 3, 'size_CL': 28, 'kernel': 3, 'num_HL': 3, 'latent_dim': 6, 'opt_lr': 9.843846001796484e-05, 'opt_wd': 3.965475584403216e-06}"
267004,35b1d787,0.6872168284789645,"{'batch_size': 64, 'num_CL': 2, 'size_CL': 29, 'kernel': 4, 'num_HL': 3, 'latent_dim': 5, 'opt_lr': 2.720280891170663e-05, 'opt_wd': 9.123689852061086e-06}"
267077,0c146fb0,-0.1,"{'batch_size': 64, 'num_CL': 3, 'size_CL': 32, 'kernel': 3, 'num_HL': 4, 'latent_dim': 6, 'opt_lr': 1.1097471782253774e-05, 'opt_wd': 7.533326170257148e-06}"
270651,c8f4302a,0.16666666666666669,"{'batch_size': 64, 'num_CL': 3, 'size_CL': 13, 'kernel': 3, 'num_HL': 4, 'latent_dim': 7, 'opt_lr': 1.5378885061320688e-05, 'opt_wd': 4.928814325448215e-06}"
270963,36e3c855,0.16666666666666669,"{'batch_size': 64, 'num_CL': 3, 'size_CL': 27, 'kernel': 2, 'num_HL': 3, 'latent_dim': 4, 'opt_lr': 8.24868523127064e-05, 'opt_wd': 4.308381688742928e-06}"
273475,e9727e08,0.16666666666666669,"{'batch_size': 128, 'num_CL': 2, 'size_CL': 24, 'kernel': 4, 'num_HL': 2, 'latent_dim': 9, 'opt_lr': 5.5529503356305926e-05, 'opt_wd': 8.038040505737504e-06}"
277738,2aa043a2,0.7223300970873786,"{'batch_size': 64, 'num_CL': 3, 'size_CL': 23, 'kernel': 2, 'num_HL': 3, 'latent_dim': 8, 'opt_lr': 0.00011514998021656839, 'opt_wd': 8.492557439145902e-06}"
280975,5a307a87,0.7099244875943905,"{'batch_size': 64, 'num_CL': 3, 'size_CL': 29, 'kernel': 4, 'num_HL': 2, 'latent_dim': 7, 'opt_lr': 4.766512577745721e-05, 'opt_wd': 8.882662776764725e-06}"
281492,f2ac0d78,0.16666666666666669,"{'batch_size': 128, 'num_CL': 3, 'size_CL': 26, 'kernel': 3, 'num_HL': 3, 'latent_dim': 6, 'opt_lr': 6.801568785990901e-05, 'opt_wd': 9.453163710341178e-06}"
285681,50aadca5,0.16666666666666669,"{'batch_size': 64, 'num_CL': 2, 'size_CL': 25, 'kernel': 3, 'num_HL': 3, 'latent_dim': 9, 'opt_lr': 2.3862617886208317e-05, 'opt_wd': 2.373299616983181e-06}"
288635,1258bcf0,0.7516181229773463,"{'batch_size': 64, 'num_CL': 4, 'size_CL': 19, 'kernel': 3, 'num_HL': 3, 'latent_dim': 7, 'opt_lr': 1.70476144614757e-05, 'opt_wd': 7.119549149780525e-06}"
292021,b025e0e4,0.7225458468176914,"{'batch_size': 64, 'num_CL': 4, 'size_CL': 31, 'kernel': 3, 'num_HL': 2, 'latent_dim': 7, 'opt_lr': 0.0002116801333213818, 'opt_wd': 9.72260413077398e-06}"
292229,7476abdd,0.4320388349514563,"{'batch_size': 128, 'num_CL': 3, 'size_CL': 7, 'kernel': 3, 'num_HL': 3, 'latent_dim': 5, 'opt_lr': 3.255942712157349e-05, 'opt_wd': 8.298556659965242e-06}"
292476,5de8fd2d,0.7221143473570658,"{'batch_size': 64, 'num_CL': 3, 'size_CL': 30, 'kernel': 3, 'num_HL': 3, 'latent_dim': 5, 'opt_lr': 0.0001394823865905396, 'opt_wd': 3.1697090728426138e-06}"
296944,328f4c74,0.4023732470334412,"{'batch_size': 64, 'num_CL': 4, 'size_CL': 16, 'kernel': 2, 'num_HL': 3, 'latent_dim': 6, 'opt_lr': 1.1867367878965146e-05, 'opt_wd': 7.108475711581532e-06}"
299904,54a8b1a4,0.6943905070118662,"{'batch_size': 64, 'num_CL': 3, 'size_CL': 28, 'kernel': 2, 'num_HL': 4, 'latent_dim': 8, 'opt_lr': 7.428461083285998e-05, 'opt_wd': 9.25486949088553e-06}"
300365,2f4c5082,0.690453074433657,"{'batch_size': 64, 'num_CL': 4, 'size_CL': 18, 'kernel': 3, 'num_HL': 2, 'latent_dim': 7, 'opt_lr': 1.4509137613297888e-05, 'opt_wd': 9.996175113661182e-06}"
301389,2cbb2eaf,0.7374865156418554,"{'batch_size': 64, 'num_CL': 4, 'size_CL': 20, 'kernel': 4, 'num_HL': 3, 'latent_dim': 9, 'opt_lr': 1.8198533914599728e-05, 'opt_wd': 6.795579452620562e-06}"
305185,337248ef,0.7642394822006472,"{'batch_size': 64, 'num_CL': 4, 'size_CL': 19, 'kernel': 3, 'num_HL': 2, 'latent_dim': 8, 'opt_lr': 1.0060585146832393e-05, 'opt_wd': 7.312240635871258e-06}"
305782,d59ae36d,0.16666666666666669,"{'batch_size': 64, 'num_CL': 4, 'size_CL': 15, 'kernel': 3, 'num_HL': 3, 'latent_dim': 8, 'opt_lr': 0.00039065853952738577, 'opt_wd': 7.6137241538856664e-06}"
306472,e744ac46,0.7155339805825243,"{'batch_size': 64, 'num_CL': 2, 'size_CL': 10, 'kernel': 4, 'num_HL': 3, 'latent_dim': 7, 'opt_lr': 2.0184542986680482e-05, 'opt_wd': 7.806884678656385e-06}"
311504,d34ccf9e,0.5134843581445523,"{'batch_size': 64, 'num_CL': 4, 'size_CL': 13, 'kernel': 3, 'num_HL': 4, 'latent_dim': 8, 'opt_lr': 1.006342982249265e-05, 'opt_wd': 7.301446076160027e-06}"
311550,d0c7e701,0.5785868392664508,"{'batch_size': 128, 'num_CL': 4, 'size_CL': 17, 'kernel': 2, 'num_HL': 4, 'latent_dim': 7, 'opt_lr': 1.3510466965368348e-05, 'opt_wd': 9.042030029701176e-06}"
314668,3fb8c8e8,0.6796116504854368,"{'batch_size': 64, 'num_CL': 4, 'size_CL': 11, 'kernel': 3, 'num_HL': 3, 'latent_dim': 6, 'opt_lr': 1.6946940393807814e-05, 'opt_wd': 8.129038034127083e-06}"
320096,110ad561,0.16666666666666669,"{'batch_size': 128, 'num_CL': 4, 'size_CL': 13, 'kernel': 3, 'num_HL': 3, 'latent_dim': 9, 'opt_lr': 1.5765675672985876e-05, 'opt_wd': 6.178794043602201e-06}"
320275,2132f649,0.8003236245954692,"{'batch_size': 64, 'num_CL': 4, 'size_CL': 19, 'kernel': 4, 'num_HL': 2, 'latent_dim': 9, 'opt_lr': 1.0444557632977771e-05, 'opt_wd': 6.57700809040415e-06}"
324542,078b84aa,0.4923948220064725,"{'batch_size': 64, 'num_CL': 4, 'size_CL': 2, 'kernel': 3, 'num_HL': 3, 'latent_dim': 9, 'opt_lr': 1.0071728237807695e-05, 'opt_wd': 5.254652891998467e-06}"
327999,a5ef4917,0.7184466019417476,"{'batch_size': 64, 'num_CL': 4, 'size_CL': 19, 'kernel': 4, 'num_HL': 2, 'latent_dim': 9, 'opt_lr': 1.0839896694959847e-05, 'opt_wd': 4.807069410297913e-06}"
328395,79612900,0.7293419633225457,"{'batch_size': 64, 'num_CL': 4, 'size_CL': 10, 'kernel': 3, 'num_HL': 2, 'latent_dim': 8, 'opt_lr': 1.7198703027314034e-05, 'opt_wd': 6.973877140277401e-06}"
329601,b56487ad,0.4929881337648328,"{'batch_size': 128, 'num_CL': 4, 'size_CL': 14, 'kernel': 4, 'num_HL': 2, 'latent_dim': 9, 'opt_lr': 2.32755255255763e-05, 'opt_wd': 6.616282531853965e-06}"
331126,cb4ba098,0.7081984897518877,"{'batch_size': 64, 'num_CL': 4, 'size_CL': 12, 'kernel': 2, 'num_HL': 3, 'latent_dim': 8, 'opt_lr': 1.2607692124496545e-05, 'opt_wd': 4.4935163308195425e-06}"
334135,72925af4,0.6205501618122977,"{'batch_size': 64, 'num_CL': 4, 'size_CL': 16, 'kernel': 4, 'num_HL': 2, 'latent_dim': 9, 'opt_lr': 0.0007086072609434117, 'opt_wd': 7.14329032126109e-06}"
335296,cba6c017,0.7378640776699029,"{'batch_size': 64, 'num_CL': 4, 'size_CL': 17, 'kernel': 4, 'num_HL': 2, 'latent_dim': 8, 'opt_lr': 2.0108472052521805e-05, 'opt_wd': 5.628311334857525e-06}"
335545,ae792e02,0.7379719525350594,"{'batch_size': 64, 'num_CL': 4, 'size_CL': 19, 'kernel': 4, 'num_HL': 2, 'latent_dim': 9, 'opt_lr': 1.0000835505166326e-05, 'opt_wd': 6.395830669625516e-06}"
336494,8d706cbd,0.7470873786407767,"{'batch_size': 64, 'num_CL': 4, 'size_CL': 5, 'kernel': 3, 'num_HL': 2, 'latent_dim': 9, 'opt_lr': 1.1500693482773886e-05, 'opt_wd': 5.67340325867553e-06}"
338213,a7f334cc,0.731445523193096,"{'batch_size': 64, 'num_CL': 4, 'size_CL': 15, 'kernel': 4, 'num_HL': 2, 'latent_dim': 9, 'opt_lr': 1.4574013127905203e-05, 'opt_wd': 5.900160638989688e-06}"
340075,d1847438,0.16666666666666669,"{'batch_size': 64, 'num_CL': 4, 'size_CL': 21, 'kernel': 2, 'num_HL': 2, 'latent_dim': 8, 'opt_lr': 1.8949258901996604e-05, 'opt_wd': 7.402610557137526e-06}"
340079,63394279,0.5868932038834951,"{'batch_size': 64, 'num_CL': 4, 'size_CL': 15, 'kernel': 4, 'num_HL': 2, 'latent_dim': 9, 'opt_lr': 1.278588890836938e-05, 'opt_wd': 5.9825809052285055e-06}"
340476,89753085,0.7441208198489753,"{'batch_size': 128, 'num_CL': 4, 'size_CL': 18, 'kernel': 4, 'num_HL': 2, 'latent_dim': 8, 'opt_lr': 2.6983738952862725e-05, 'opt_wd': 5.525471729750089e-06}"
341041,fab08f4b,0.5413700107874866,"{'batch_size': 64, 'num_CL': 4, 'size_CL': 4, 'kernel': 3, 'num_HL': 2, 'latent_dim': 9, 'opt_lr': 1.1407264358229525e-05, 'opt_wd': 5.188139789060295e-06}"
345192,0e37f590,0.16666666666666669,"{'batch_size': 64, 'num_CL': 4, 'size_CL': 5, 'kernel': 3, 'num_HL': 2, 'latent_dim': 8, 'opt_lr': 2.4936296182269086e-05, 'opt_wd': 4.134178814149974e-06}"
346925,63384e0d,0.5016181229773463,"{'batch_size': 64, 'num_CL': 4, 'size_CL': 22, 'kernel': 3, 'num_HL': 2, 'latent_dim': 9, 'opt_lr': 1.0230237819190355e-05, 'opt_wd': 6.886437326730232e-06}"
347153,d29d52c5,0.7101402373247033,"{'batch_size': 64, 'num_CL': 4, 'size_CL': 19, 'kernel': 2, 'num_HL': 2, 'latent_dim': 9, 'opt_lr': 1.4131697358987507e-05, 'opt_wd': 6.315131302725067e-06}"
347802,2218851c,0.7408306364617044,"{'batch_size': 64, 'num_CL': 4, 'size_CL': 20, 'kernel': 4, 'num_HL': 2, 'latent_dim': 9, 'opt_lr': 1.6314308650095303e-05, 'opt_wd': 6.643801853038638e-06}"
350624,6592a959,0.16666666666666669,"{'batch_size': 64, 'num_CL': 4, 'size_CL': 18, 'kernel': 3, 'num_HL': 2, 'latent_dim': 9, 'opt_lr': 1.27619460967461e-05, 'opt_wd': 4.985306358344472e-06}"
352008,5a1f2142,0.16666666666666669,"{'batch_size': 64, 'num_CL': 4, 'size_CL': 21, 'kernel': 4, 'num_HL': 2, 'latent_dim': 8, 'opt_lr': 2.2457880271094036e-05, 'opt_wd': 4.790706240034997e-06}"
354487,e05c21f2,0.7049622437971952,"{'batch_size': 64, 'num_CL': 4, 'size_CL': 17, 'kernel': 3, 'num_HL': 2, 'latent_dim': 9, 'opt_lr': 1.832653294021306e-05, 'opt_wd': 6.137343279518263e-06}"
355176,3060d12b,0.568015102481122,"{'batch_size': 64, 'num_CL': 4, 'size_CL': 12, 'kernel': 3, 'num_HL': 2, 'latent_dim': 9, 'opt_lr': 1.1013017676478826e-05, 'opt_wd': 5.474953485905197e-06}"
356116,872bd98e,0.16666666666666669,"{'batch_size': 64, 'num_CL': 4, 'size_CL': 11, 'kernel': 3, 'num_HL': 2, 'latent_dim': 8, 'opt_lr': 2.1394995976118872e-05, 'opt_wd': 6.5562235287654855e-06}"
357375,7810b7d1,0.7398597626752967,"{'batch_size': 64, 'num_CL': 4, 'size_CL': 14, 'kernel': 2, 'num_HL': 2, 'latent_dim': 8, 'opt_lr': 1.5567716766252032e-05, 'opt_wd': 5.35618949983548e-06}"
359157,6dda0682,0.16666666666666669,"{'batch_size': 64, 'num_CL': 4, 'size_CL': 16, 'kernel': 2, 'num_HL': 2, 'latent_dim': 8, 'opt_lr': 2.889858510695426e-05, 'opt_wd': 7.967736455835018e-06}"
359527,420472aa,0.7326860841423948,"{'batch_size': 64, 'num_CL': 4, 'size_CL': 8, 'kernel': 3, 'num_HL': 2, 'latent_dim': 9, 'opt_lr': 1.1758589753221644e-05, 'opt_wd': 5.722172643140338e-06}"
360420,2897a452,0.16666666666666669,"{'batch_size': 64, 'num_CL': 4, 'size_CL': 20, 'kernel': 3, 'num_HL': 2, 'latent_dim': 9, 'opt_lr': 1.3776591664830771e-05, 'opt_wd': 6.782250378380318e-06}"
365403,39f808f1,0.43797195253505933,"{'batch_size': 64, 'num_CL': 4, 'size_CL': 13, 'kernel': 4, 'num_HL': 2, 'latent_dim': 8, 'opt_lr': 1.0130480347701571e-05, 'opt_wd': 3.791875465258472e-06}"
365705,2df288b7,0.535059331175836,"{'batch_size': 64, 'num_CL': 4, 'size_CL': 8, 'kernel': 3, 'num_HL': 2, 'latent_dim': 9, 'opt_lr': 4.134634579735242e-05, 'opt_wd': 7.264945597623166e-06}"
366249,25075ef4,0.16666666666666669,"{'batch_size': 64, 'num_CL': 4, 'size_CL': 22, 'kernel': 3, 'num_HL': 2, 'latent_dim': 9, 'opt_lr': 1.5596193037385865e-05, 'opt_wd': 7.715049250768443e-06}"
366619,15d50cda,0.730636461704423,"{'batch_size': 64, 'num_CL': 4, 'size_CL': 18, 'kernel': 4, 'num_HL': 2, 'latent_dim': 8, 'opt_lr': 1.185438638656456e-05, 'opt_wd': 5.751216341143548e-06}"
367142,7a03d317,0.6088996763754045,"{'batch_size': 64, 'num_CL': 4, 'size_CL': 23, 'kernel': 3, 'num_HL': 2, 'latent_dim': 3, 'opt_lr': 1.724076586573669e-05, 'opt_wd': 4.4803817090095045e-06}"
370622,b1627cb1,0.16666666666666669,"{'batch_size': 64, 'num_CL': 4, 'size_CL': 3, 'kernel': 4, 'num_HL': 2, 'latent_dim': 9, 'opt_lr': 3.222227341182515e-05, 'opt_wd': 6.01379702666847e-06}"
370985,2b49757a,0.5706580366774542,"{'batch_size': 128, 'num_CL': 4, 'size_CL': 16, 'kernel': 2, 'num_HL': 2, 'latent_dim': 7, 'opt_lr': 2.017129048222483e-05, 'opt_wd': 6.970299030796746e-06}"
371639,3bc7bcb2,0.7551240560949298,"{'batch_size': 64, 'num_CL': 4, 'size_CL': 19, 'kernel': 2, 'num_HL': 2, 'latent_dim': 9, 'opt_lr': 0.00025494677170406315, 'opt_wd': 7.479684368210806e-06}"
371962,325ebeb0,0.16666666666666669,"{'batch_size': 64, 'num_CL': 4, 'size_CL': 21, 'kernel': 3, 'num_HL': 2, 'latent_dim': 7, 'opt_lr': 1.1316892978175836e-05, 'opt_wd': 3.332898583208193e-06}"
375442,f8c7fc2a,0.16666666666666669,"{'batch_size': 64, 'num_CL': 4, 'size_CL': 15, 'kernel': 3, 'num_HL': 2, 'latent_dim': 8, 'opt_lr': 0.0003127921971316997, 'opt_wd': 8.377109690309683e-06}"
376624,aed5dab0,0.3932038834951456,"{'batch_size': 128, 'num_CL': 4, 'size_CL': 14, 'kernel': 3, 'num_HL': 2, 'latent_dim': 2, 'opt_lr': 1.4196450311652068e-05, 'opt_wd': 6.276328892661458e-06}"
376822,8295862c,0.16666666666666669,"{'batch_size': 64, 'num_CL': 4, 'size_CL': 19, 'kernel': 2, 'num_HL': 2, 'latent_dim': 7, 'opt_lr': 0.0009916730514341959, 'opt_wd': 7.528145270371241e-06}"
376917,b67d8cc0,0.6001618122977346,"{'batch_size': 64, 'num_CL': 4, 'size_CL': 17, 'kernel': 2, 'num_HL': 2, 'latent_dim': 9, 'opt_lr': 0.0002459343962962425, 'opt_wd': 8.134545897979136e-06}"
380582,710ca056,0.7460086299892125,"{'batch_size': 64, 'num_CL': 4, 'size_CL': 22, 'kernel': 2, 'num_HL': 2, 'latent_dim': 8, 'opt_lr': 0.0005474333792872323, 'opt_wd': 8.762364798258313e-06}"
381541,767b7f39,0.16666666666666669,"{'batch_size': 64, 'num_CL': 4, 'size_CL': 24, 'kernel': 2, 'num_HL': 2, 'latent_dim': 8, 'opt_lr': 0.00041479345075175764, 'opt_wd': 7.791165929596901e-06}"
382043,8d69f401,0.7412081984897518,"{'batch_size': 64, 'num_CL': 4, 'size_CL': 19, 'kernel': 2, 'num_HL': 2, 'latent_dim': 9, 'opt_lr': 0.0002930081263733039, 'opt_wd': 8.529726455416089e-06}"
383551,61b083be,0.5388349514563107,"{'batch_size': 64, 'num_CL': 4, 'size_CL': 17, 'kernel': 4, 'num_HL': 2, 'latent_dim': 4, 'opt_lr': 0.0008641815109599785, 'opt_wd': 7.0418286971591815e-06}"
383586,e12e8b32,0.16666666666666669,"{'batch_size': 128, 'num_CL': 4, 'size_CL': 23, 'kernel': 2, 'num_HL': 2, 'latent_dim': 7, 'opt_lr': 0.00017284985974867553, 'opt_wd': 7.190340673158779e-06}"
384794,b241fafc,0.6870010787486516,"{'batch_size': 64, 'num_CL': 4, 'size_CL': 18, 'kernel': 2, 'num_HL': 2, 'latent_dim': 8, 'opt_lr': 0.0006507913782524202, 'opt_wd': 7.405175581539837e-06}"
389260,b19ab2c7,0.16666666666666669,"{'batch_size': 64, 'num_CL': 4, 'size_CL': 21, 'kernel': 2, 'num_HL': 3, 'latent_dim': 8, 'opt_lr': 0.0005146918905988763, 'opt_wd': 6.51099781611952e-06}"
389556,df3f6afd,0.16666666666666669,"{'batch_size': 128, 'num_CL': 4, 'size_CL': 16, 'kernel': 4, 'num_HL': 2, 'latent_dim': 9, 'opt_lr': 0.00045395811447151394, 'opt_wd': 8.206914713870048e-06}"
389718,c0d00da3,0.7442286947141316,"{'batch_size': 64, 'num_CL': 4, 'size_CL': 23, 'kernel': 2, 'num_HL': 2, 'latent_dim': 9, 'opt_lr': 0.0002246351607811191, 'opt_wd': 7.904518472408799e-06}"
391060,e18d4a9e,0.7347357065803668,"{'batch_size': 64, 'num_CL': 4, 'size_CL': 12, 'kernel': 4, 'num_HL': 3, 'latent_dim': 7, 'opt_lr': 0.000166363131909624, 'opt_wd': 8.915499819920265e-06}"
393891,cbac3136,0.7407227615965479,"{'batch_size': 64, 'num_CL': 4, 'size_CL': 20, 'kernel': 4, 'num_HL': 2, 'latent_dim': 8, 'opt_lr': 0.000377646845829197, 'opt_wd': 7.666623919626419e-06}"
395709,9917e249,0.706957928802589,"{'batch_size': 64, 'num_CL': 4, 'size_CL': 20, 'kernel': 3, 'num_HL': 2, 'latent_dim': 8, 'opt_lr': 1.2779454024141336e-05, 'opt_wd': 8.635392555475677e-06}"
395920,2e091810,0.16666666666666669,"{'batch_size': 64, 'num_CL': 4, 'size_CL': 15, 'kernel': 2, 'num_HL': 3, 'latent_dim': 7, 'opt_lr': 0.00020235904127869343, 'opt_wd': 6.800296797289771e-06}"
396839,e0e41573,0.7335490830636462,"{'batch_size': 64, 'num_CL': 4, 'size_CL': 24, 'kernel': 2, 'num_HL': 2, 'latent_dim': 9, 'opt_lr': 9.46939029058463e-05, 'opt_wd': 6.2263642648251085e-06}"
398087,9d564b29,0.16666666666666669,"{'batch_size': 64, 'num_CL': 4, 'size_CL': 19, 'kernel': 4, 'num_HL': 3, 'latent_dim': 8, 'opt_lr': 0.00014777277116746006, 'opt_wd': 7.2833003677319055e-06}"
400103,6188c384,0.16666666666666669,"{'batch_size': 128, 'num_CL': 4, 'size_CL': 18, 'kernel': 4, 'num_HL': 2, 'latent_dim': 9, 'opt_lr': 0.0002616953711842065, 'opt_wd': 9.217246995388794e-06}"
403338,18a5b3b1,0.6977346278317151,"{'batch_size': 64, 'num_CL': 4, 'size_CL': 21, 'kernel': 2, 'num_HL': 2, 'latent_dim': 6, 'opt_lr': 0.00019085266147677403, 'opt_wd': 5.873545793352475e-06}"
404273,981b50d2,0.7120280474649407,"{'batch_size': 64, 'num_CL': 4, 'size_CL': 13, 'kernel': 4, 'num_HL': 3, 'latent_dim': 7, 'opt_lr': 0.0006440360996918934, 'opt_wd': 7.984821068624511e-06}"
404829,0c8c415a,0.16666666666666669,"{'batch_size': 64, 'num_CL': 4, 'size_CL': 22, 'kernel': 4, 'num_HL': 2, 'latent_dim': 8, 'opt_lr': 0.0003381391619593286, 'opt_wd': 7.532369751723163e-06}"
405611,a5d53197,0.16666666666666669,"{'batch_size': 64, 'num_CL': 4, 'size_CL': 25, 'kernel': 2, 'num_HL': 3, 'latent_dim': 7, 'opt_lr': 0.00012166194714099844, 'opt_wd': 6.651851666785181e-06}"
407363,0e04fddd,0.36030204962243795,"{'batch_size': 64, 'num_CL': 4, 'size_CL': 20, 'kernel': 3, 'num_HL': 4, 'latent_dim': 9, 'opt_lr': 0.00030806751229755006, 'opt_wd': 8.464358252138954e-06}"
409255,13c19542,0.16666666666666669,"{'batch_size': 128, 'num_CL': 4, 'size_CL': 17, 'kernel': 3, 'num_HL': 2, 'latent_dim': 9, 'opt_lr': 0.00010885656453976909, 'opt_wd': 5.022696536031696e-06}"
409637,5dc301e6,0.7373247033441208,"{'batch_size': 64, 'num_CL': 4, 'size_CL': 16, 'kernel': 2, 'num_HL': 2, 'latent_dim': 8, 'opt_lr': 0.0002227269623149019, 'opt_wd': 6.465926733825016e-06}"
411020,c03489f0,0.16666666666666669,"{'batch_size': 64, 'num_CL': 4, 'size_CL': 15, 'kernel': 2, 'num_HL': 2, 'latent_dim': 6, 'opt_lr': 0.0004626586386236176, 'opt_wd': 6.910352054385264e-06}"
411216,2f44aa8e,0.7015102481121899,"{'batch_size': 64, 'num_CL': 4, 'size_CL': 14, 'kernel': 3, 'num_HL': 3, 'latent_dim': 8, 'opt_lr': 0.000132010323241536, 'opt_wd': 9.47997889996408e-06}"
412136,a4cca256,0.7026429341963323,"{'batch_size': 64, 'num_CL': 4, 'size_CL': 11, 'kernel': 3, 'num_HL': 2, 'latent_dim': 5, 'opt_lr': 0.000766005739742795, 'opt_wd': 7.194639093127078e-06}"
414697,425ed6f2,0.5620280474649406,"{'batch_size': 64, 'num_CL': 4, 'size_CL': 24, 'kernel': 4, 'num_HL': 3, 'latent_dim': 9, 'opt_lr': 0.00026576943518452666, 'opt_wd': 5.495772753388477e-06}"
416591,5d49c409,0.6671521035598705,"{'batch_size': 64, 'num_CL': 4, 'size_CL': 19, 'kernel': 3, 'num_HL': 3, 'latent_dim': 3, 'opt_lr': 0.0003774513953010988, 'opt_wd': 4.6882832033971736e-06}"
419375,535d2632,0.724217907227616,"{'batch_size': 64, 'num_CL': 4, 'size_CL': 20, 'kernel': 2, 'num_HL': 2, 'latent_dim': 9, 'opt_lr': 8.678667027421735e-05, 'opt_wd': 8.687820993211825e-06}"
420447,69a9039d,0.7338187702265372,"{'batch_size': 64, 'num_CL': 4, 'size_CL': 9, 'kernel': 3, 'num_HL': 2, 'latent_dim': 8, 'opt_lr': 0.0001603278773684411, 'opt_wd': 7.663705187121895e-06}"
421589,c40eb663,0.7110571736785329,"{'batch_size': 64, 'num_CL': 4, 'size_CL': 22, 'kernel': 3, 'num_HL': 4, 'latent_dim': 7, 'opt_lr': 0.00018901987641605753, 'opt_wd': 6.066328780888891e-06}"
421956,c9016681,0.6817152103559871,"{'batch_size': 128, 'num_CL': 4, 'size_CL': 18, 'kernel': 4, 'num_HL': 2, 'latent_dim': 8, 'opt_lr': 6.170018248940328e-05, 'opt_wd': 8.186971233157649e-06}"
425586,bc78aa47,0.4811218985976268,"{'batch_size': 64, 'num_CL': 4, 'size_CL': 16, 'kernel': 2, 'num_HL': 2, 'latent_dim': 7, 'opt_lr': 5.174909672659732e-05, 'opt_wd': 5.213664789736206e-06}"
426942,b32034f7,0.16666666666666669,"{'batch_size': 128, 'num_CL': 4, 'size_CL': 21, 'kernel': 4, 'num_HL': 2, 'latent_dim': 6, 'opt_lr': 7.683607586088194e-05, 'opt_wd': 4.244940411171347e-06}"
428680,22a3ee6c,0.6548004314994605,"{'batch_size': 64, 'num_CL': 4, 'size_CL': 14, 'kernel': 3, 'num_HL': 2, 'latent_dim': 4, 'opt_lr': 0.0001471357381876501, 'opt_wd': 7.4010395340674175e-06}"
428928,c4b1d7dc,0.7325782092772384,"{'batch_size': 64, 'num_CL': 4, 'size_CL': 26, 'kernel': 3, 'num_HL': 3, 'latent_dim': 9, 'opt_lr': 2.5817882132670686e-05, 'opt_wd': 9.004943301869696e-06}"
431324,88dfeb2d,0.7357605177993528,"{'batch_size': 64, 'num_CL': 4, 'size_CL': 23, 'kernel': 4, 'num_HL': 3, 'latent_dim': 8, 'opt_lr': 4.429628754646411e-05, 'opt_wd': 6.373167250392301e-06}"
431774,4f2d1e8b,0.7473031283710896,"{'batch_size': 64, 'num_CL': 4, 'size_CL': 17, 'kernel': 2, 'num_HL': 2, 'latent_dim': 9, 'opt_lr': 0.0002314267978382414, 'opt_wd': 8.380939152569261e-06}"
434914,69b76e89,0.16666666666666669,"{'batch_size': 128, 'num_CL': 4, 'size_CL': 10, 'kernel': 3, 'num_HL': 4, 'latent_dim': 7, 'opt_lr': 3.8689871249093936e-05, 'opt_wd': 6.663396273601136e-06}"
435228,876f0779,0.16666666666666669,"{'batch_size': 64, 'num_CL': 4, 'size_CL': 19, 'kernel': 4, 'num_HL': 2, 'latent_dim': 9, 'opt_lr': 0.0004916921363345034, 'opt_wd': 7.854359390336699e-06}"
436367,1472e936,0.16666666666666669,"{'batch_size': 64, 'num_CL': 4, 'size_CL': 25, 'kernel': 3, 'num_HL': 3, 'latent_dim': 8, 'opt_lr': 3.564431733571034e-05, 'opt_wd': 7.042477367851851e-06}"
438376,d90ca645,0.16666666666666669,"{'batch_size': 64, 'num_CL': 4, 'size_CL': 18, 'kernel': 3, 'num_HL': 2, 'latent_dim': 8, 'opt_lr': 9.794211970110151e-05, 'opt_wd': 5.7795358418369475e-06}"
438461,abde5717,0.7043689320388349,"{'batch_size': 64, 'num_CL': 4, 'size_CL': 19, 'kernel': 4, 'num_HL': 2, 'latent_dim': 7, 'opt_lr': 0.0009096884248661963, 'opt_wd': 1.3597531727961788e-06}"
439945,07115722,0.5911542610571737,"{'batch_size': 64, 'num_CL': 4, 'size_CL': 22, 'kernel': 2, 'num_HL': 3, 'latent_dim': 9, 'opt_lr': 6.785919990391002e-05, 'opt_wd': 2.662939264899015e-06}"
442551,82a097ac,0.16666666666666669,"{'batch_size': 64, 'num_CL': 4, 'size_CL': 21, 'kernel': 3, 'num_HL': 2, 'latent_dim': 9, 'opt_lr': 0.0005952888795665292, 'opt_wd': 5.3654950359787716e-06}"
444849,d025c032,0.3511326860841424,"{'batch_size': 64, 'num_CL': 4, 'size_CL': 17, 'kernel': 4, 'num_HL': 3, 'latent_dim': 7, 'opt_lr': 1.69729576842018e-05, 'opt_wd': 3.5512296397469323e-06}"
447759,c5a82fc6,0.7329018338727076,"{'batch_size': 64, 'num_CL': 4, 'size_CL': 26, 'kernel': 3, 'num_HL': 2, 'latent_dim': 8, 'opt_lr': 2.2479342929700136e-05, 'opt_wd': 6.797520913229322e-06}"
447811,84642dc7,0.7418554476806904,"{'batch_size': 64, 'num_CL': 4, 'size_CL': 16, 'kernel': 2, 'num_HL': 3, 'latent_dim': 9, 'opt_lr': 0.0002822040832967987, 'opt_wd': 8.820644344207314e-06}"
451675,1b74a551,0.7467098166127293,"{'batch_size': 128, 'num_CL': 4, 'size_CL': 15, 'kernel': 2, 'num_HL': 2, 'latent_dim': 8, 'opt_lr': 1.0019498205935357e-05, 'opt_wd': 8.078925670176815e-06}"
453635,35970871,0.16666666666666669,"{'batch_size': 64, 'num_CL': 4, 'size_CL': 13, 'kernel': 2, 'num_HL': 3, 'latent_dim': 9, 'opt_lr': 0.0007747771292982896, 'opt_wd': 4.0406524985979066e-06}"
455368,c5785866,0.7073354908306364,"{'batch_size': 64, 'num_CL': 4, 'size_CL': 20, 'kernel': 3, 'num_HL': 2, 'latent_dim': 5, 'opt_lr': 1.4627404400266533e-05, 'opt_wd': 5.98226449983349e-06}"
458362,48d7a2b3,0.6944444444444444,"{'batch_size': 64, 'num_CL': 2, 'size_CL': 23, 'kernel': 3, 'num_HL': 2, 'latent_dim': 8, 'opt_lr': 1.2321059298531564e-05, 'opt_wd': 4.870462565405603e-06}"
458908,c417b6a7,-0.1,"{'batch_size': 128, 'num_CL': 4, 'size_CL': 24, 'kernel': 4, 'num_HL': 4, 'latent_dim': 6, 'opt_lr': 2.9572235067383917e-05, 'opt_wd': 6.2494888976225225e-06}"
461923,b183ba3f,0.16666666666666669,"{'batch_size': 64, 'num_CL': 4, 'size_CL': 18, 'kernel': 3, 'num_HL': 3, 'latent_dim': 9, 'opt_lr': 0.0003533623939562085, 'opt_wd': 9.579051406383913e-06}"
462170,6a776c38,0.6850593311758361,"{'batch_size': 64, 'num_CL': 4, 'size_CL': 12, 'kernel': 3, 'num_HL': 3, 'latent_dim': 6, 'opt_lr': 1.8996148862382503e-05, 'opt_wd': 9.753195943376433e-06}"
464331,f6c21464,0.7094390507011867,"{'batch_size': 64, 'num_CL': 4, 'size_CL': 14, 'kernel': 4, 'num_HL': 2, 'latent_dim': 7, 'opt_lr': 2.4139415079972696e-05, 'opt_wd': 7.545420199034992e-06}"
465239,43b087f5,0.7269147788565264,"{'batch_size': 64, 'num_CL': 4, 'size_CL': 22, 'kernel': 2, 'num_HL': 2, 'latent_dim': 8, 'opt_lr': 0.00011378198503879837, 'opt_wd': 5.595328962657891e-06}"
465546,e902b74b,0.6968716289104638,"{'batch_size': 64, 'num_CL': 4, 'size_CL': 20, 'kernel': 3, 'num_HL': 2, 'latent_dim': 9, 'opt_lr': 2.763505947094587e-05, 'opt_wd': 9.281491473998866e-06}"
470497,389ec274,0.16666666666666669,"{'batch_size': 64, 'num_CL': 4, 'size_CL': 16, 'kernel': 3, 'num_HL': 2, 'latent_dim': 8, 'opt_lr': 0.0004099292485112174, 'opt_wd': 7.110189134733123e-06}"
473777,87aff2b2,0.16666666666666669,"{'batch_size': 64, 'num_CL': 4, 'size_CL': 27, 'kernel': 3, 'num_HL': 4, 'latent_dim': 2, 'opt_lr': 0.00012552106593381659, 'opt_wd': 8.560298448121557e-06}"
476653,bb74f8a0,0.693042071197411,"{'batch_size': 64, 'num_CL': 4, 'size_CL': 18, 'kernel': 3, 'num_HL': 2, 'latent_dim': 8, 'opt_lr': 2.1401189114999526e-05, 'opt_wd': 7.778642013747211e-06}"
478240,8267dd91,0.6722222222222222,"{'batch_size': 64, 'num_CL': 4, 'size_CL': 21, 'kernel': 2, 'num_HL': 2, 'latent_dim': 4, 'opt_lr': 5.7197159820673265e-05, 'opt_wd': 6.482495251045894e-06}"
482796,bb8a1967,0.7207119741100323,"{'batch_size': 128, 'num_CL': 4, 'size_CL': 19, 'kernel': 4, 'num_HL': 2, 'latent_dim': 9, 'opt_lr': 4.7511445381270025e-05, 'opt_wd': 7.405406208640077e-06}"
483441,08a3c22c,0.5086299892125135,"{'batch_size': 64, 'num_CL': 4, 'size_CL': 13, 'kernel': 3, 'num_HL': 2, 'latent_dim': 3, 'opt_lr': 1.5672516710813986e-05, 'opt_wd': 6.937017327694329e-06}"
484231,592aa461,0.16666666666666669,"{'batch_size': 64, 'num_CL': 2, 'size_CL': 24, 'kernel': 3, 'num_HL': 3, 'latent_dim': 7, 'opt_lr': 0.0003227301871720644, 'opt_wd': 9.996091009147945e-06}"
489132,8e665333,0.7355447680690399,"{'batch_size': 128, 'num_CL': 4, 'size_CL': 17, 'kernel': 4, 'num_HL': 3, 'latent_dim': 7, 'opt_lr': 1.3582149436026822e-05, 'opt_wd': 4.444721712111465e-06}"
489667,7e197829,0.16666666666666669,"{'batch_size': 64, 'num_CL': 4, 'size_CL': 8, 'kernel': 4, 'num_HL': 4, 'latent_dim': 5, 'opt_lr': 0.0002482548735975747, 'opt_wd': 6.107006411953438e-06}"
491175,7b1f38b9,0.16666666666666669,"{'batch_size': 64, 'num_CL': 4, 'size_CL': 23, 'kernel': 4, 'num_HL': 3, 'latent_dim': 8, 'opt_lr': 1.1123594846476936e-05, 'opt_wd': 8.01661157997861e-06}"
495218,20f1a47b,0.16666666666666669,"{'batch_size': 128, 'num_CL': 4, 'size_CL': 21, 'kernel': 3, 'num_HL': 2, 'latent_dim': 9, 'opt_lr': 0.0001976923053755766, 'opt_wd': 5.148708640251016e-06}"
495684,940e01cb,0.7107335490830635,"{'batch_size': 64, 'num_CL': 4, 'size_CL': 15, 'kernel': 2, 'num_HL': 2, 'latent_dim': 6, 'opt_lr': 1.8364417283573315e-05, 'opt_wd': 8.372798600036192e-06}"
497982,9d69808c,0.16666666666666669,"{'batch_size': 64, 'num_CL': 4, 'size_CL': 25, 'kernel': 2, 'num_HL': 3, 'latent_dim': 6, 'opt_lr': 0.00013843243619787116, 'opt_wd': 6.6583747077522935e-06}"
501664,36a1b0b6,0.718824163969795,"{'batch_size': 64, 'num_CL': 4, 'size_CL': 17, 'kernel': 3, 'num_HL': 2, 'latent_dim': 7, 'opt_lr': 1.2557689658932502e-05, 'opt_wd': 7.261820167261213e-06}"
503018,409f0fc0,0.16666666666666669,"{'batch_size': 64, 'num_CL': 4, 'size_CL': 18, 'kernel': 2, 'num_HL': 2, 'latent_dim': 7, 'opt_lr': 0.0005467730782738634, 'opt_wd': 5.864441998852945e-06}"
503020,28bc7c5d,0.7283171521035599,"{'batch_size': 64, 'num_CL': 4, 'size_CL': 20, 'kernel': 4, 'num_HL': 3, 'latent_dim': 8, 'opt_lr': 0.00010235532023325157, 'opt_wd': 7.708916128271807e-06}"
504505,a56340ea,0.7320927723840345,"{'batch_size': 64, 'num_CL': 4, 'size_CL': 9, 'kernel': 3, 'num_HL': 2, 'latent_dim': 9, 'opt_lr': 3.267288600985078e-05, 'opt_wd': 9.088910310341541e-06}"
507787,dfba0f78,0.5267529665587919,"{'batch_size': 64, 'num_CL': 3, 'size_CL': 14, 'kernel': 3, 'num_HL': 2, 'latent_dim': 7, 'opt_lr': 0.0007079775599975212, 'opt_wd': 8.700309453025314e-06}"
508831,6ef9e4b6,0.16666666666666669,"{'batch_size': 64, 'num_CL': 2, 'size_CL': 15, 'kernel': 2, 'num_HL': 2, 'latent_dim': 8, 'opt_lr': 8.279689848212544e-05, 'opt_wd': 6.267115007956737e-06}"
508859,b7e11c0d,0.6955231930960086,"{'batch_size': 64, 'num_CL': 4, 'size_CL': 11, 'kernel': 2, 'num_HL': 3, 'latent_dim': 9, 'opt_lr': 1.0021463848646919e-05, 'opt_wd': 6.955548260905241e-07}"
513332,fcb2608d,0.7320388349514563,"{'batch_size': 64, 'num_CL': 4, 'size_CL': 26, 'kernel': 4, 'num_HL': 3, 'latent_dim': 8, 'opt_lr': 0.0001660089551490008, 'opt_wd': 5.65025634452228e-06}"
513642,27b62672,0.7272384034519956,"{'batch_size': 128, 'num_CL': 4, 'size_CL': 22, 'kernel': 3, 'num_HL': 3, 'latent_dim': 9, 'opt_lr': 0.00018437010748702023, 'opt_wd': 8.177581896052996e-06}"
516192,a4553fae,0.7348975188781013,"{'batch_size': 64, 'num_CL': 4, 'size_CL': 19, 'kernel': 4, 'num_HL': 2, 'latent_dim': 8, 'opt_lr': 0.00021012609986437378, 'opt_wd': 5.367300947735685e-06}"
518648,e5773c32,0.7245954692556634,"{'batch_size': 64, 'num_CL': 4, 'size_CL': 27, 'kernel': 3, 'num_HL': 2, 'latent_dim': 9, 'opt_lr': 1.0853918172275333e-05, 'opt_wd': 6.769066781770969e-06}"
520584,3b2cb6a6,0.16666666666666669,"{'batch_size': 64, 'num_CL': 4, 'size_CL': 17, 'kernel': 2, 'num_HL': 2, 'latent_dim': 9, 'opt_lr': 0.00022215664057630632, 'opt_wd': 8.26921471062352e-06}"
521210,39f71524,0.6980582524271846,"{'batch_size': 64, 'num_CL': 4, 'size_CL': 16, 'kernel': 2, 'num_HL': 2, 'latent_dim': 9, 'opt_lr': 0.0003495055193637424, 'opt_wd': 8.43001390539975e-06}"
521928,961f101c,0.6128910463861919,"{'batch_size': 128, 'num_CL': 4, 'size_CL': 23, 'kernel': 3, 'num_HL': 4, 'latent_dim': 5, 'opt_lr': 1.9647075384569674e-05, 'opt_wd': 7.039896529341198e-06}"
522755,c1b29bf2,0.48220064724919093,"{'batch_size': 64, 'num_CL': 4, 'size_CL': 25, 'kernel': 2, 'num_HL': 3, 'latent_dim': 9, 'opt_lr': 1.6254502645085016e-05, 'opt_wd': 4.627122026953134e-06}"
524209,1690d702,0.7168824163969795,"{'batch_size': 64, 'num_CL': 4, 'size_CL': 18, 'kernel': 2, 'num_HL': 2, 'latent_dim': 9, 'opt_lr': 0.00026527968053141577, 'opt_wd': 7.888083540364764e-06}"
526034,e6a48cf6,0.7766990291262136,"{'batch_size': 64, 'num_CL': 4, 'size_CL': 20, 'kernel': 2, 'num_HL': 2, 'latent_dim': 9, 'opt_lr': 0.00022988269949981516, 'opt_wd': 8.902810412447021e-06}"
526593,75b8a816,0.7204422869471413,"{'batch_size': 64, 'num_CL': 4, 'size_CL': 17, 'kernel': 2, 'num_HL': 2, 'latent_dim': 9, 'opt_lr': 0.00031786926269151386, 'opt_wd': 7.626257653419177e-06}"
527009,f914f792,0.16666666666666669,"{'batch_size': 64, 'num_CL': 4, 'size_CL': 19, 'kernel': 2, 'num_HL': 2, 'latent_dim': 9, 'opt_lr': 0.00048049753799003997, 'opt_wd': 7.4206887025910755e-06}"
527409,53d3fee5,0.7265911542610572,"{'batch_size': 64, 'num_CL': 4, 'size_CL': 21, 'kernel': 2, 'num_HL': 2, 'latent_dim': 8, 'opt_lr': 0.0002970398147176677, 'opt_wd': 9.427019630891195e-06}"
529994,96acc4d8,0.7371628910463862,"{'batch_size': 64, 'num_CL': 4, 'size_CL': 16, 'kernel': 2, 'num_HL': 2, 'latent_dim': 9, 'opt_lr': 0.00016026795124122258, 'opt_wd': 8.35731508375604e-06}"
530743,b201053b,0.727615965480043,"{'batch_size': 64, 'num_CL': 4, 'size_CL': 22, 'kernel': 2, 'num_HL': 2, 'latent_dim': 9, 'opt_lr': 0.00044813591817577397, 'opt_wd': 9.703940948207553e-06}"
531756,5548f91e,0.16666666666666669,"{'batch_size': 64, 'num_CL': 4, 'size_CL': 20, 'kernel': 2, 'num_HL': 2, 'latent_dim': 8, 'opt_lr': 0.0003836047432630282, 'opt_wd': 9.09355876166763e-06}"
532399,391065f4,0.7469795037756203,"{'batch_size': 64, 'num_CL': 4, 'size_CL': 20, 'kernel': 2, 'num_HL': 2, 'latent_dim': 9, 'opt_lr': 0.0002435723646345884, 'opt_wd': 8.651891643480618e-06}"
533630,f0c079cd,0.7204422869471413,"{'batch_size': 64, 'num_CL': 4, 'size_CL': 19, 'kernel': 2, 'num_HL': 2, 'latent_dim': 8, 'opt_lr': 0.0001282420048711326, 'opt_wd': 9.308797331939486e-06}"
536759,8552a9bb,0.7263754045307443,"{'batch_size': 64, 'num_CL': 4, 'size_CL': 24, 'kernel': 2, 'num_HL': 2, 'latent_dim': 8, 'opt_lr': 0.00014324099480104863, 'opt_wd': 8.890078347966174e-06}"
537307,58006707,0.16666666666666669,"{'batch_size': 64, 'num_CL': 4, 'size_CL': 21, 'kernel': 2, 'num_HL': 2, 'latent_dim': 9, 'opt_lr': 0.00042019063187000584, 'opt_wd': 8.047100590941944e-06}"
538055,64948fff,0.16666666666666669,"{'batch_size': 64, 'num_CL': 4, 'size_CL': 18, 'kernel': 2, 'num_HL': 2, 'latent_dim': 9, 'opt_lr': 0.000281378268320023, 'opt_wd': 6.408244201751886e-06}"
539197,834e3cc1,0.16666666666666669,"{'batch_size': 64, 'num_CL': 4, 'size_CL': 22, 'kernel': 2, 'num_HL': 2, 'latent_dim': 8, 'opt_lr': 0.00017515716268673824, 'opt_wd': 7.312799667873673e-06}"
540788,c0da8333,0.16666666666666669,"{'batch_size': 64, 'num_CL': 4, 'size_CL': 23, 'kernel': 2, 'num_HL': 2, 'latent_dim': 9, 'opt_lr': 0.0005964579392538825, 'opt_wd': 7.088367644593356e-06}"
542647,ab73426b,0.7375404530744337,"{'batch_size': 64, 'num_CL': 4, 'size_CL': 20, 'kernel': 2, 'num_HL': 2, 'latent_dim': 8, 'opt_lr': 0.00021405410578106984, 'opt_wd': 9.940709704173527e-06}"
543538,d1ef2f4e,0.5285868392664509,"{'batch_size': 64, 'num_CL': 4, 'size_CL': 21, 'kernel': 2, 'num_HL': 2, 'latent_dim': 9, 'opt_lr': 9.020640010299851e-05, 'opt_wd': 7.837797125901153e-06}"
544223,81690d91,0.745091693635383,"{'batch_size': 64, 'num_CL': 4, 'size_CL': 19, 'kernel': 2, 'num_HL': 2, 'latent_dim': 9, 'opt_lr': 0.00011718310605357118, 'opt_wd': 8.87857105702483e-06}"
544835,2cadc3f6,0.16666666666666669,"{'batch_size': 64, 'num_CL': 4, 'size_CL': 15, 'kernel': 2, 'num_HL': 2, 'latent_dim': 8, 'opt_lr': 0.0005347406835937981, 'opt_wd': 6.543908527220275e-06}"
546477,d0a97297,0.16666666666666669,"{'batch_size': 64, 'num_CL': 4, 'size_CL': 20, 'kernel': 2, 'num_HL': 2, 'latent_dim': 8, 'opt_lr': 0.0003484885107443407, 'opt_wd': 6.783152886764279e-06}"
548311,5b173037,0.16666666666666669,"{'batch_size': 64, 'num_CL': 4, 'size_CL': 18, 'kernel': 2, 'num_HL': 2, 'latent_dim': 9, 'opt_lr': 0.0002532295047376448, 'opt_wd': 9.577216830501774e-06}"
549350,090ac525,0.16666666666666669,"{'batch_size': 64, 'num_CL': 4, 'size_CL': 23, 'kernel': 2, 'num_HL': 2, 'latent_dim': 9, 'opt_lr': 0.00019438700684368268, 'opt_wd': 7.481989968639872e-06}"
549478,9799cbc0,0.16666666666666669,"{'batch_size': 64, 'num_CL': 4, 'size_CL': 16, 'kernel': 2, 'num_HL': 2, 'latent_dim': 7, 'opt_lr': 0.0001489311545959531, 'opt_wd': 7.22536568135307e-06}"
550180,7fcce9af,0.16666666666666669,"{'batch_size': 64, 'num_CL': 4, 'size_CL': 12, 'kernel': 3, 'num_HL': 2, 'latent_dim': 8, 'opt_lr': 0.0006486673046155137, 'opt_wd': 6.9360855539532974e-06}"
552784,9d373232,0.732470334412082,"{'batch_size': 64, 'num_CL': 4, 'size_CL': 24, 'kernel': 2, 'num_HL': 2, 'latent_dim': 8, 'opt_lr': 0.00010860297570641452, 'opt_wd': 8.18324281890076e-06}"
554796,42621ddd,0.7351132686084142,"{'batch_size': 128, 'num_CL': 4, 'size_CL': 17, 'kernel': 3, 'num_HL': 2, 'latent_dim': 9, 'opt_lr': 0.00023259472291001584, 'opt_wd': 7.6221229793052206e-06}"
555392,eb3d3b04,0.16666666666666669,"{'batch_size': 64, 'num_CL': 4, 'size_CL': 14, 'kernel': 3, 'num_HL': 3, 'latent_dim': 8, 'opt_lr': 0.0002959288901480074, 'opt_wd': 8.47905621348829e-06}"
555720,cef00da9,0.16666666666666669,"{'batch_size': 64, 'num_CL': 4, 'size_CL': 22, 'kernel': 2, 'num_HL': 2, 'latent_dim': 9, 'opt_lr': 6.462982303764064e-05, 'opt_wd': 6.061443833910372e-06}"
556589,3c06257a,0.16666666666666669,"{'batch_size': 64, 'num_CL': 4, 'size_CL': 18, 'kernel': 2, 'num_HL': 3, 'latent_dim': 9, 'opt_lr': 0.0009957831277653303, 'opt_wd': 9.170205788862657e-06}"
559327,88ec789b,0.16666666666666669,"{'batch_size': 64, 'num_CL': 4, 'size_CL': 19, 'kernel': 3, 'num_HL': 2, 'latent_dim': 7, 'opt_lr': 0.000380061282538113, 'opt_wd': 8.77590488490534e-06}"
561218,d23e7d57,0.7227076591154261,"{'batch_size': 64, 'num_CL': 4, 'size_CL': 21, 'kernel': 2, 'num_HL': 2, 'latent_dim': 8, 'opt_lr': 7.461220737415628e-05, 'opt_wd': 7.85434002181036e-06}"
561622,00951582,0.7364077669902913,"{'batch_size': 64, 'num_CL': 4, 'size_CL': 15, 'kernel': 3, 'num_HL': 3, 'latent_dim': 9, 'opt_lr': 0.000182971205456989, 'opt_wd': 8.017647008218838e-06}"
562158,95288831,0.7180151024811219,"{'batch_size': 64, 'num_CL': 4, 'size_CL': 16, 'kernel': 2, 'num_HL': 2, 'latent_dim': 9, 'opt_lr': 0.000847302032654511, 'opt_wd': 7.540484937381881e-06}"
562849,335eff4d,0.556202804746494,"{'batch_size': 64, 'num_CL': 4, 'size_CL': 23, 'kernel': 3, 'num_HL': 2, 'latent_dim': 8, 'opt_lr': 1.3437309911982196e-05, 'opt_wd': 8.598904271867108e-06}"
564626,101eab30,0.6960086299892125,"{'batch_size': 64, 'num_CL': 4, 'size_CL': 13, 'kernel': 3, 'num_HL': 2, 'latent_dim': 7, 'opt_lr': 0.0005065600349400638, 'opt_wd': 5.889161213564593e-06}"
567435,bc3a51fa,0.7206580366774541,"{'batch_size': 128, 'num_CL': 4, 'size_CL': 17, 'kernel': 2, 'num_HL': 2, 'latent_dim': 8, 'opt_lr': 1.0106187888924943e-05, 'opt_wd': 6.6174799653622716e-06}"
567918,76ec88bc,0.7281553398058251,"{'batch_size': 64, 'num_CL': 4, 'size_CL': 19, 'kernel': 2, 'num_HL': 3, 'latent_dim': 8, 'opt_lr': 0.0003311051684446507, 'opt_wd': 7.193508561579931e-06}"
568098,f35f25b3,0.16666666666666669,"{'batch_size': 64, 'num_CL': 4, 'size_CL': 20, 'kernel': 4, 'num_HL': 3, 'latent_dim': 9, 'opt_lr': 0.0002737353182941628, 'opt_wd': 6.2254666507203125e-06}"
568111,976133c4,0.6862998921251349,"{'batch_size': 64, 'num_CL': 4, 'size_CL': 18, 'kernel': 3, 'num_HL': 2, 'latent_dim': 6, 'opt_lr': 0.00016187561620573254, 'opt_wd': 6.901639768195908e-06}"
570980,1ab5b661,0.7264293419633225,"{'batch_size': 128, 'num_CL': 2, 'size_CL': 21, 'kernel': 4, 'num_HL': 2, 'latent_dim': 9, 'opt_lr': 0.00042058642970881104, 'opt_wd': 8.997244995218144e-06}"
574060,a65ccab6,0.7050161812297735,"{'batch_size': 64, 'num_CL': 3, 'size_CL': 22, 'kernel': 3, 'num_HL': 2, 'latent_dim': 7, 'opt_lr': 0.0002121783290891306, 'opt_wd': 6.459732618846677e-06}"
574280,eaa4b385,0.16666666666666669,"{'batch_size': 64, 'num_CL': 4, 'size_CL': 14, 'kernel': 2, 'num_HL': 2, 'latent_dim': 7, 'opt_lr': 0.0001357652037148788, 'opt_wd': 8.25056687396599e-06}"
575094,57c52344,0.4325782092772384,"{'batch_size': 64, 'num_CL': 4, 'size_CL': 25, 'kernel': 2, 'num_HL': 2, 'latent_dim': 9, 'opt_lr': 1.5137115288311854e-05, 'opt_wd': 5.471473150924268e-06}"
575277,31be57f6,0.6008629989212514,"{'batch_size': 64, 'num_CL': 4, 'size_CL': 17, 'kernel': 3, 'num_HL': 3, 'latent_dim': 8, 'opt_lr': 2.3257252611627638e-05, 'opt_wd': 9.404993095895478e-06}"
578349,54f440b9,0.48327939590075514,"{'batch_size': 64, 'num_CL': 4, 'size_CL': 26, 'kernel': 3, 'num_HL': 2, 'latent_dim': 9, 'opt_lr': 1.1976725720562251e-05, 'opt_wd': 7.356021301726239e-06}"
581074,2930391f,0.16666666666666669,"{'batch_size': 64, 'num_CL': 4, 'size_CL': 21, 'kernel': 2, 'num_HL': 2, 'latent_dim': 9, 'opt_lr': 0.00012375587965286332, 'opt_wd': 5.7436532787124994e-06}"
582487,4d0a93c8,0.7271305285868392,"{'batch_size': 64, 'num_CL': 4, 'size_CL': 16, 'kernel': 3, 'num_HL': 2, 'latent_dim': 8, 'opt_lr': 5.2132507093580405e-05, 'opt_wd': 4.896198763589557e-06}"
582538,56169d2c,0.49083063646170444,"{'batch_size': 64, 'num_CL': 4, 'size_CL': 19, 'kernel': 4, 'num_HL': 3, 'latent_dim': 9, 'opt_lr': 1.764812065547097e-05, 'opt_wd': 8.006485606848767e-06}"
586001,62657b2c,0.16666666666666669,"{'batch_size': 64, 'num_CL': 3, 'size_CL': 23, 'kernel': 2, 'num_HL': 2, 'latent_dim': 6, 'opt_lr': 1.0976517292693806e-05, 'opt_wd': 9.834591477615761e-06}"
589186,b85661e4,0.16666666666666669,"{'batch_size': 64, 'num_CL': 4, 'size_CL': 18, 'kernel': 2, 'num_HL': 2, 'latent_dim': 7, 'opt_lr': 2.5910048080469264e-05, 'opt_wd': 5.21334513829389e-06}"
590114,aa1092ac,0.16666666666666669,"{'batch_size': 64, 'num_CL': 4, 'size_CL': 24, 'kernel': 3, 'num_HL': 3, 'latent_dim': 4, 'opt_lr': 9.428940996869698e-05, 'opt_wd': 6.780503166902271e-06}"
590729,9fead85f,0.757982740021575,"{'batch_size': 128, 'num_CL': 4, 'size_CL': 20, 'kernel': 4, 'num_HL': 3, 'latent_dim': 8, 'opt_lr': 1.6590094826585754e-05, 'opt_wd': 7.719352246456272e-06}"
594010,91f00fd9,0.7205501618122978,"{'batch_size': 64, 'num_CL': 4, 'size_CL': 15, 'kernel': 3, 'num_HL': 2, 'latent_dim': 9, 'opt_lr': 1.3723907411454726e-05, 'opt_wd': 8.499503582819162e-06}"
595624,4e9665c3,0.7258899676375405,"{'batch_size': 64, 'num_CL': 2, 'size_CL': 22, 'kernel': 2, 'num_HL': 2, 'latent_dim': 8, 'opt_lr': 4.185089136307832e-05, 'opt_wd': 7.123976810993355e-06}"
595753,42d9a62a,0.6776159654800431,"{'batch_size': 128, 'num_CL': 4, 'size_CL': 20, 'kernel': 4, 'num_HL': 4, 'latent_dim': 8, 'opt_lr': 0.00010525437439048691, 'opt_wd': 8.256838614133113e-06}"
595929,30221b16,0.7168824163969796,"{'batch_size': 64, 'num_CL': 4, 'size_CL': 19, 'kernel': 3, 'num_HL': 2, 'latent_dim': 9, 'opt_lr': 0.0001969315875392551, 'opt_wd': 6.267887677359162e-06}"
597267,032bf908,0.16666666666666669,"{'batch_size': 128, 'num_CL': 4, 'size_CL': 20, 'kernel': 4, 'num_HL': 3, 'latent_dim': 9, 'opt_lr': 0.00023707851111683304, 'opt_wd': 7.731526611366018e-06}"
600306,df89beac,0.6143473570658037,"{'batch_size': 128, 'num_CL': 3, 'size_CL': 21, 'kernel': 4, 'num_HL': 2, 'latent_dim': 9, 'opt_lr': 0.0004811732581720787, 'opt_wd': 9.589527266482717e-06}"
601428,43162388,0.5598705501618123,"{'batch_size': 128, 'num_CL': 4, 'size_CL': 13, 'kernel': 4, 'num_HL': 2, 'latent_dim': 2, 'opt_lr': 0.00015411576001778742, 'opt_wd': 8.80283952466928e-06}"
602314,b928c2f5,0.7364617044228694,"{'batch_size': 128, 'num_CL': 4, 'size_CL': 25, 'kernel': 4, 'num_HL': 2, 'latent_dim': 8, 'opt_lr': 0.00030828237637870576, 'opt_wd': 9.097240892563676e-06}"
602528,a2dc3672,0.16666666666666669,"{'batch_size': 128, 'num_CL': 4, 'size_CL': 24, 'kernel': 4, 'num_HL': 3, 'latent_dim': 9, 'opt_lr': 3.024664420745701e-05, 'opt_wd': 7.853453421380816e-06}"
604036,2a07db41,0.5288565264293419,"{'batch_size': 128, 'num_CL': 4, 'size_CL': 17, 'kernel': 4, 'num_HL': 3, 'latent_dim': 3, 'opt_lr': 0.000592416180899387, 'opt_wd': 9.23492652214029e-06}"
606663,123cd7ee,0.5333872707659115,"{'batch_size': 128, 'num_CL': 4, 'size_CL': 22, 'kernel': 4, 'num_HL': 2, 'latent_dim': 9, 'opt_lr': 0.0007425218322705797, 'opt_wd': 8.646818134751201e-06}"
607849,9b052d9c,0.6116504854368932,"{'batch_size': 128, 'num_CL': 4, 'size_CL': 28, 'kernel': 4, 'num_HL': 2, 'latent_dim': 3, 'opt_lr': 0.00017531526537437585, 'opt_wd': 7.555763623499882e-06}"
608187,ea24cc1a,0.16666666666666669,"{'batch_size': 128, 'num_CL': 4, 'size_CL': 18, 'kernel': 4, 'num_HL': 2, 'latent_dim': 9, 'opt_lr': 0.00027810723814593915, 'opt_wd': 1.9727630673397512e-06}"
609781,25dc6490,0.7339805825242719,"{'batch_size': 128, 'num_CL': 4, 'size_CL': 23, 'kernel': 4, 'num_HL': 3, 'latent_dim': 8, 'opt_lr': 3.6754386340692864e-05, 'opt_wd': 8.07066124702885e-06}"
609828,af79df69,0.16666666666666669,"{'batch_size': 128, 'num_CL': 4, 'size_CL': 20, 'kernel': 4, 'num_HL': 2, 'latent_dim': 8, 'opt_lr': 0.00038482939542411034, 'opt_wd': 6.627241546751063e-06}"
614413,c3af7278,0.7220604099244876,"{'batch_size': 128, 'num_CL': 2, 'size_CL': 26, 'kernel': 4, 'num_HL': 2, 'latent_dim': 9, 'opt_lr': 1.494633152539716e-05, 'opt_wd': 8.386811899178251e-06}"
615129,d536b0fe,0.16666666666666669,"{'batch_size': 128, 'num_CL': 4, 'size_CL': 21, 'kernel': 4, 'num_HL': 2, 'latent_dim': 8, 'opt_lr': 8.025296875194946e-05, 'opt_wd': 7.387578938250539e-06}"
617903,04fbcecc,0.7299892125134844,"{'batch_size': 128, 'num_CL': 3, 'size_CL': 16, 'kernel': 4, 'num_HL': 3, 'latent_dim': 9, 'opt_lr': 7.076552215384804e-05, 'opt_wd': 7.704575556755385e-06}"
617964,8561afb6,0.7327400215749732,"{'batch_size': 128, 'num_CL': 4, 'size_CL': 19, 'kernel': 4, 'num_HL': 2, 'latent_dim': 8, 'opt_lr': 2.1422701429793394e-05, 'opt_wd': 8.963455109299781e-06}"
620074,e3087105,0.6166127292340885,"{'batch_size': 128, 'num_CL': 4, 'size_CL': 17, 'kernel': 4, 'num_HL': 2, 'latent_dim': 9, 'opt_lr': 1.0314389269655106e-05, 'opt_wd': 7.011776156763428e-06}"
622468,5166ea2b,0.16666666666666669,"{'batch_size': 128, 'num_CL': 4, 'size_CL': 25, 'kernel': 4, 'num_HL': 3, 'latent_dim': 8, 'opt_lr': 0.0004425889149447965, 'opt_wd': 6.039814678602093e-06}"
624107,417533c7,0.5032362459546925,"{'batch_size': 128, 'num_CL': 4, 'size_CL': 22, 'kernel': 4, 'num_HL': 2, 'latent_dim': 9, 'opt_lr': 1.0014466033206701e-05, 'opt_wd': 9.82155214940631e-06}"
625885,97ed898e,0.7297734627831716,"{'batch_size': 128, 'num_CL': 4, 'size_CL': 20, 'kernel': 4, 'num_HL': 2, 'latent_dim': 9, 'opt_lr': 0.00034215485771322076, 'opt_wd': 6.8790919690064534e-06}"
626378,a6baf6de,0.5420172599784251,"{'batch_size': 128, 'num_CL': 3, 'size_CL': 14, 'kernel': 4, 'num_HL': 4, 'latent_dim': 8, 'opt_lr': 0.0002598103438309149, 'opt_wd': 6.388139597058981e-06}"
627875,6a2982b3,0.4998381877022654,"{'batch_size': 128, 'num_CL': 4, 'size_CL': 15, 'kernel': 4, 'num_HL': 2, 'latent_dim': 8, 'opt_lr': 1.1531560828905365e-05, 'opt_wd': 8.53013642914572e-06}"
631063,d907a5d2,0.5140237324703344,"{'batch_size': 128, 'num_CL': 4, 'size_CL': 18, 'kernel': 4, 'num_HL': 2, 'latent_dim': 9, 'opt_lr': 2.001257998398286e-05, 'opt_wd': 8.177291577941865e-06}"
634196,f6fd5f2e,0.7089536138079828,"{'batch_size': 128, 'num_CL': 4, 'size_CL': 22, 'kernel': 4, 'num_HL': 3, 'latent_dim': 9, 'opt_lr': 5.967670649096041e-05, 'opt_wd': 9.999920958706442e-06}"
635496,f7982d7f,0.7217907227615966,"{'batch_size': 128, 'num_CL': 4, 'size_CL': 10, 'kernel': 4, 'num_HL': 2, 'latent_dim': 8, 'opt_lr': 0.00013158422425378502, 'opt_wd': 7.918727134080201e-06}"
637837,0d041a99,0.16666666666666669,"{'batch_size': 128, 'num_CL': 4, 'size_CL': 27, 'kernel': 4, 'num_HL': 3, 'latent_dim': 7, 'opt_lr': 0.00021111458210052087, 'opt_wd': 7.249574333447607e-06}"
638109,98e956ab,0.7331175836030205,"{'batch_size': 128, 'num_CL': 4, 'size_CL': 12, 'kernel': 4, 'num_HL': 3, 'latent_dim': 9, 'opt_lr': 1.2591291036137708e-05, 'opt_wd': 9.445384423589651e-06}"
640962,3cac9f90,0.6991370010787487,"{'batch_size': 128, 'num_CL': 3, 'size_CL': 24, 'kernel': 4, 'num_HL': 2, 'latent_dim': 9, 'opt_lr': 1.3237013015621103e-05, 'opt_wd': 7.530028150207449e-06}"
641763,603efe80,0.16666666666666669,"{'batch_size': 128, 'num_CL': 4, 'size_CL': 19, 'kernel': 4, 'num_HL': 4, 'latent_dim': 8, 'opt_lr': 1.8408444881929836e-05, 'opt_wd': 8.793578047550727e-06}"
642511,47f7b43c,0.6737324703344121,"{'batch_size': 128, 'num_CL': 4, 'size_CL': 11, 'kernel': 4, 'num_HL': 2, 'latent_dim': 4, 'opt_lr': 1.6525782420952018e-05, 'opt_wd': 5.56739155030342e-06}"
643686,77b2e728,0.7229773462783171,"{'batch_size': 128, 'num_CL': 4, 'size_CL': 20, 'kernel': 4, 'num_HL': 2, 'latent_dim': 7, 'opt_lr': 0.0003624482652918472, 'opt_wd': 9.273173897499716e-06}"
644519,4a8910c0,0.16666666666666669,"{'batch_size': 128, 'num_CL': 4, 'size_CL': 23, 'kernel': 2, 'num_HL': 3, 'latent_dim': 9, 'opt_lr': 0.00022755688887013975, 'opt_wd': 5.749032116024447e-06}"
647394,4208baff,0.6775080906148868,"{'batch_size': 64, 'num_CL': 4, 'size_CL': 16, 'kernel': 2, 'num_HL': 2, 'latent_dim': 5, 'opt_lr': 8.652240272882922e-05, 'opt_wd': 7.698032683520756e-06}"
647875,57a887b2,0.7061488673139158,"{'batch_size': 128, 'num_CL': 2, 'size_CL': 21, 'kernel': 4, 'num_HL': 2, 'latent_dim': 8, 'opt_lr': 0.00011841922606448685, 'opt_wd': 6.679374923876328e-06}"
647981,f6e1531f,0.16666666666666669,"{'batch_size': 64, 'num_CL': 4, 'size_CL': 17, 'kernel': 4, 'num_HL': 3, 'latent_dim': 9, 'opt_lr': 0.0005590972166269784, 'opt_wd': 7.364582173753738e-06}"
649370,5bfdf8d9,0.5334412081984897,"{'batch_size': 128, 'num_CL': 4, 'size_CL': 18, 'kernel': 2, 'num_HL': 2, 'latent_dim': 8, 'opt_lr': 0.0001704369173258544, 'opt_wd': 8.37114832076714e-06}"
649579,448befe2,0.16666666666666669,"{'batch_size': 64, 'num_CL': 4, 'size_CL': 19, 'kernel': 4, 'num_HL': 2, 'latent_dim': 9, 'opt_lr': 0.0006561127237597701, 'opt_wd': 3.0043672060112255e-06}"
651255,85188ffa,0.7340884573894282,"{'batch_size': 64, 'num_CL': 4, 'size_CL': 15, 'kernel': 2, 'num_HL': 3, 'latent_dim': 7, 'opt_lr': 0.00040640781987108125, 'opt_wd': 7.019864482802315e-06}"
653640,0d521250,0.7135922330097089,"{'batch_size': 64, 'num_CL': 3, 'size_CL': 13, 'kernel': 4, 'num_HL': 2, 'latent_dim': 8, 'opt_lr': 0.00015427038130689922, 'opt_wd': 1.5810470313075261e-06}"
656263,1193e1e2,0.7194174757281553,"{'batch_size': 128, 'num_CL': 4, 'size_CL': 24, 'kernel': 2, 'num_HL': 2, 'latent_dim': 9, 'opt_lr': 2.6076643926441586e-05, 'opt_wd': 6.221373766329199e-06}"
658276,aa4a5c3e,0.5584142394822006,"{'batch_size': 64, 'num_CL': 4, 'size_CL': 14, 'kernel': 2, 'num_HL': 4, 'latent_dim': 9, 'opt_lr': 3.354984412225485e-05, 'opt_wd': 9.643028417082576e-06}"
658764,78933257,0.7071736785329018,"{'batch_size': 64, 'num_CL': 4, 'size_CL': 27, 'kernel': 4, 'num_HL': 2, 'latent_dim': 8, 'opt_lr': 1.4311474431001191e-05, 'opt_wd': 5.111047932081639e-06}"
659174,f21c4514,0.6019956850053938,"{'batch_size': 64, 'num_CL': 4, 'size_CL': 20, 'kernel': 4, 'num_HL': 2, 'latent_dim': 9, 'opt_lr': 0.0003211010261215602, 'opt_wd': 8.645242489558348e-06}"
661793,50de0b98,0.7420172599784249,"{'batch_size': 64, 'num_CL': 4, 'size_CL': 22, 'kernel': 2, 'num_HL': 3, 'latent_dim': 7, 'opt_lr': 0.00010303421288367555, 'opt_wd': 6.000644213743897e-06}"
663505,7fce5ab5,0.16666666666666669,"{'batch_size': 128, 'num_CL': 4, 'size_CL': 26, 'kernel': 2, 'num_HL': 2, 'latent_dim': 8, 'opt_lr': 0.0008100728472485007, 'opt_wd': 8.153341124951797e-06}"
663810,2b035bfb,0.7264293419633224,"{'batch_size': 64, 'num_CL': 4, 'size_CL': 17, 'kernel': 4, 'num_HL': 3, 'latent_dim': 9, 'opt_lr': 0.0002923341518431736, 'opt_wd': 6.436734610310724e-06}"
665100,9be366ee,0.16666666666666669,"{'batch_size': 128, 'num_CL': 4, 'size_CL': 18, 'kernel': 4, 'num_HL': 2, 'latent_dim': 9, 'opt_lr': 4.5385919682756844e-05, 'opt_wd': 7.950911484172968e-06}"
665472,5e21b2fd,0.16666666666666669,"{'batch_size': 64, 'num_CL': 3, 'size_CL': 21, 'kernel': 2, 'num_HL': 2, 'latent_dim': 8, 'opt_lr': 0.0001948016432002345, 'opt_wd': 9.013272669325043e-06}"
669703,059f6890,0.16666666666666669,"{'batch_size': 64, 'num_CL': 4, 'size_CL': 23, 'kernel': 2, 'num_HL': 3, 'latent_dim': 2, 'opt_lr': 1.00538125191289e-05, 'opt_wd': 4.177536517080332e-06}"
670470,13548ec5,0.16666666666666669,"{'batch_size': 64, 'num_CL': 2, 'size_CL': 25, 'kernel': 2, 'num_HL': 2, 'latent_dim': 8, 'opt_lr': 0.0002616737441445694, 'opt_wd': 3.667751743076445e-06}"
671176,7fefbf95,0.737918015102481,"{'batch_size': 128, 'num_CL': 3, 'size_CL': 15, 'kernel': 4, 'num_HL': 2, 'latent_dim': 9, 'opt_lr': 0.0005151116079289784, 'opt_wd': 2.1927741427129104e-06}"
673121,67dd0874,0.16666666666666669,"{'batch_size': 64, 'num_CL': 4, 'size_CL': 21, 'kernel': 2, 'num_HL': 3, 'latent_dim': 6, 'opt_lr': 2.2393222394101897e-05, 'opt_wd': 6.847400609742371e-06}"
675604,8f4dd195,0.7342502696871629,"{'batch_size': 64, 'num_CL': 4, 'size_CL': 12, 'kernel': 4, 'num_HL': 2, 'latent_dim': 7, 'opt_lr': 1.2087982386958182e-05, 'opt_wd': 4.743511043994894e-06}"
675964,004eb0ac,0.7119741100323624,"{'batch_size': 64, 'num_CL': 4, 'size_CL': 16, 'kernel': 4, 'num_HL': 2, 'latent_dim': 9, 'opt_lr': 5.566400587865614e-05, 'opt_wd': 7.768407798125269e-06}"
676318,dc374d9f,0.16666666666666669,"{'batch_size': 64, 'num_CL': 4, 'size_CL': 20, 'kernel': 2, 'num_HL': 2, 'latent_dim': 8, 'opt_lr': 1.566382429677084e-05, 'opt_wd': 3.933956539867318e-06}"
677899,ceeb6585,0.16666666666666669,"{'batch_size': 128, 'num_CL': 4, 'size_CL': 18, 'kernel': 4, 'num_HL': 3, 'latent_dim': 5, 'opt_lr': 2.8208339889443012e-05, 'opt_wd': 7.111773339358918e-06}"
681027,ec3d4d02,0.16666666666666669,"{'batch_size': 64, 'num_CL': 4, 'size_CL': 19, 'kernel': 2, 'num_HL': 4, 'latent_dim': 9, 'opt_lr': 0.0001352062338066772, 'opt_wd': 4.38459565650503e-06}"
682599,ab7d5030,0.7251348435814455,"{'batch_size': 64, 'num_CL': 4, 'size_CL': 16, 'kernel': 4, 'num_HL': 3, 'latent_dim': 9, 'opt_lr': 0.00024184921549124186, 'opt_wd': 6.600908674090765e-06}"
682607,73347719,0.7649946062567421,"{'batch_size': 64, 'num_CL': 4, 'size_CL': 23, 'kernel': 2, 'num_HL': 2, 'latent_dim': 8, 'opt_lr': 0.00018494784238420883, 'opt_wd': 5.373627974804936e-06}"
682848,be145817,0.5625674217907227,"{'batch_size': 128, 'num_CL': 4, 'size_CL': 22, 'kernel': 4, 'num_HL': 2, 'latent_dim': 7, 'opt_lr': 1.0983123902827402e-05, 'opt_wd': 7.4697459506206395e-06}"
685148,b07de150,0.16666666666666669,"{'batch_size': 64, 'num_CL': 4, 'size_CL': 24, 'kernel': 2, 'num_HL': 2, 'latent_dim': 8, 'opt_lr': 0.0001454693687711864, 'opt_wd': 9.291031515313886e-06}"
686560,295a6cf8,0.16666666666666669,"{'batch_size': 64, 'num_CL': 4, 'size_CL': 6, 'kernel': 4, 'num_HL': 2, 'latent_dim': 9, 'opt_lr': 3.9200804210131754e-05, 'opt_wd': 5.871253245625763e-06}"
690539,cb821ef7,0.6844660194174759,"{'batch_size': 64, 'num_CL': 4, 'size_CL': 26, 'kernel': 4, 'num_HL': 2, 'latent_dim': 7, 'opt_lr': 0.0002194186344736281, 'opt_wd': 3.389040227186135e-06}"
692258,c81b45e8,0.6468176914778856,"{'batch_size': 128, 'num_CL': 3, 'size_CL': 17, 'kernel': 2, 'num_HL': 2, 'latent_dim': 4, 'opt_lr': 1.7704533728080563e-05, 'opt_wd': 8.46902104870617e-06}"
692897,693826e9,0.16666666666666669,"{'batch_size': 64, 'num_CL': 4, 'size_CL': 28, 'kernel': 2, 'num_HL': 3, 'latent_dim': 7, 'opt_lr': 0.0001163990007977436, 'opt_wd': 5.390582969406679e-06}"
693402,71d2a538,0.731715210355987,"{'batch_size': 64, 'num_CL': 4, 'size_CL': 25, 'kernel': 2, 'num_HL': 2, 'latent_dim': 7, 'opt_lr': 0.00017663989471958645, 'opt_wd': 4.869514624525928e-06}"
694547,ea4eb277,0.7101402373247033,"{'batch_size': 128, 'num_CL': 4, 'size_CL': 30, 'kernel': 4, 'num_HL': 2, 'latent_dim': 6, 'opt_lr': 9.193448889011325e-05, 'opt_wd': 5.038391071633991e-06}"
700543,a2a0cad0,0.16666666666666669,"{'batch_size': 64, 'num_CL': 4, 'size_CL': 24, 'kernel': 2, 'num_HL': 2, 'latent_dim': 7, 'opt_lr': 9.998722885557325e-05, 'opt_wd': 5.317413536560928e-06}"
701148,e2ea62ec,0.7191477885652644,"{'batch_size': 64, 'num_CL': 4, 'size_CL': 23, 'kernel': 4, 'num_HL': 3, 'latent_dim': 7, 'opt_lr': 7.69839220938967e-05, 'opt_wd': 5.542840261787827e-06}"
701953,77e3fe3f,0.7045846817691478,"{'batch_size': 64, 'num_CL': 2, 'size_CL': 25, 'kernel': 2, 'num_HL': 2, 'latent_dim': 8, 'opt_lr': 0.00015915502543118284, 'opt_wd': 5.8172446069668316e-06}"
702756,59a1e980,0.16666666666666669,"{'batch_size': 128, 'num_CL': 4, 'size_CL': 26, 'kernel': 4, 'num_HL': 3, 'latent_dim': 8, 'opt_lr': 6.648105994247271e-05, 'opt_wd': 3.1873222923551647e-06}"
703266,05eb9fa8,0.16666666666666669,"{'batch_size': 64, 'num_CL': 3, 'size_CL': 28, 'kernel': 2, 'num_HL': 2, 'latent_dim': 7, 'opt_lr': 0.0001910499952763125, 'opt_wd': 5.049704343992749e-06}"
710153,8503baf5,0.16666666666666669,"{'batch_size': 64, 'num_CL': 4, 'size_CL': 23, 'kernel': 4, 'num_HL': 2, 'latent_dim': 8, 'opt_lr': 0.00012486464956764062, 'opt_wd': 4.359521456593333e-06}"
710405,ef97e1ea,0.7483818770226538,"{'batch_size': 64, 'num_CL': 4, 'size_CL': 27, 'kernel': 4, 'num_HL': 2, 'latent_dim': 8, 'opt_lr': 1.2951429944401367e-05, 'opt_wd': 2.7224427661033303e-06}"
711005,8630050b,0.16666666666666669,"{'batch_size': 128, 'num_CL': 4, 'size_CL': 29, 'kernel': 2, 'num_HL': 3, 'latent_dim': 6, 'opt_lr': 0.00011193026873527096, 'opt_wd': 4.639898108856352e-06}"
711130,5ac8898d,0.7235167206040993,"{'batch_size': 64, 'num_CL': 4, 'size_CL': 22, 'kernel': 2, 'num_HL': 2, 'latent_dim': 7, 'opt_lr': 0.0001410948228669404, 'opt_wd': 4.043992004200437e-06}"
713856,726a1116,0.6332793959007552,"{'batch_size': 128, 'num_CL': 4, 'size_CL': 21, 'kernel': 4, 'num_HL': 4, 'latent_dim': 8, 'opt_lr': 3.0953325467355764e-05, 'opt_wd': 5.620034918736193e-06}"
717947,a7a0b0c8,0.16666666666666669,"{'batch_size': 64, 'num_CL': 4, 'size_CL': 23, 'kernel': 4, 'num_HL': 2, 'latent_dim': 7, 'opt_lr': 0.0002091480356856014, 'opt_wd': 5.9904157790609966e-06}"
718964,33c263e2,0.16666666666666669,"{'batch_size': 128, 'num_CL': 4, 'size_CL': 20, 'kernel': 2, 'num_HL': 3, 'latent_dim': 8, 'opt_lr': 0.000187220370856928, 'opt_wd': 6.509942955189789e-06}"
718990,b5458a19,0.7212513484358144,"{'batch_size': 64, 'num_CL': 4, 'size_CL': 21, 'kernel': 4, 'num_HL': 2, 'latent_dim': 8, 'opt_lr': 4.957803312623721e-05, 'opt_wd': 6.128031196553717e-06}"
720468,9c8f8933,0.16666666666666669,"{'batch_size': 64, 'num_CL': 4, 'size_CL': 24, 'kernel': 2, 'num_HL': 3, 'latent_dim': 8, 'opt_lr': 0.0002951748524247754, 'opt_wd': 4.538092107808542e-06}"
722557,b2bf0183,0.713700107874865,"{'batch_size': 64, 'num_CL': 3, 'size_CL': 25, 'kernel': 4, 'num_HL': 2, 'latent_dim': 6, 'opt_lr': 2.4584181909621105e-05, 'opt_wd': 3.857785106341808e-06}"
726834,2e1d27c8,0.7161812297734628,"{'batch_size': 64, 'num_CL': 4, 'size_CL': 27, 'kernel': 2, 'num_HL': 2, 'latent_dim': 7, 'opt_lr': 1.982141892960824e-05, 'opt_wd': 6.784304242835573e-06}"
727594,47e5b08c,0.47518878101402373,"{'batch_size': 128, 'num_CL': 4, 'size_CL': 29, 'kernel': 4, 'num_HL': 2, 'latent_dim': 8, 'opt_lr': 1.4497837392302528e-05, 'opt_wd': 5.3333395691872046e-06}"
728897,0b35cc26,0.16666666666666669,"{'batch_size': 64, 'num_CL': 4, 'size_CL': 22, 'kernel': 2, 'num_HL': 3, 'latent_dim': 7, 'opt_lr': 1.1153298203289833e-05, 'opt_wd': 4.816877433354978e-06}"
729777,857a87f3,0.7264293419633225,"{'batch_size': 64, 'num_CL': 2, 'size_CL': 23, 'kernel': 4, 'num_HL': 2, 'latent_dim': 8, 'opt_lr': 0.00023169912410559226, 'opt_wd': 4.292267165034309e-06}"
730307,76eb121a,0.16666666666666669,"{'batch_size': 64, 'num_CL': 3, 'size_CL': 20, 'kernel': 2, 'num_HL': 4, 'latent_dim': 8, 'opt_lr': 0.0001689909662239966, 'opt_wd': 6.278305833778194e-06}"
732540,58244b9e,0.5706580366774542,"{'batch_size': 64, 'num_CL': 4, 'size_CL': 19, 'kernel': 2, 'num_HL': 2, 'latent_dim': 9, 'opt_lr': 0.00026863235448636006, 'opt_wd': 7.265655775534553e-06}"
732577,f379609a,0.7455231930960087,"{'batch_size': 64, 'num_CL': 4, 'size_CL': 18, 'kernel': 2, 'num_HL': 2, 'latent_dim': 9, 'opt_lr': 0.0003416687992006538, 'opt_wd': 7.5460970306982475e-06}"
734218,69cb9ce4,0.7262135922330097,"{'batch_size': 64, 'num_CL': 4, 'size_CL': 19, 'kernel': 2, 'num_HL': 2, 'latent_dim': 9, 'opt_lr': 0.00024321172127833828, 'opt_wd': 6.4442284057492655e-06}"
735540,f744be7e,0.5490830636461704,"{'batch_size': 64, 'num_CL': 4, 'size_CL': 20, 'kernel': 2, 'num_HL': 2, 'latent_dim': 9, 'opt_lr': 0.00030187487663760955, 'opt_wd': 6.993200414893882e-06}"
736156,59b03e50,0.6019956850053937,"{'batch_size': 64, 'num_CL': 4, 'size_CL': 21, 'kernel': 2, 'num_HL': 2, 'latent_dim': 9, 'opt_lr': 0.00020496066283988673, 'opt_wd': 7.223251213606996e-06}"
736746,456f7a37,0.7132686084142394,"{'batch_size': 64, 'num_CL': 4, 'size_CL': 18, 'kernel': 2, 'num_HL': 2, 'latent_dim': 9, 'opt_lr': 0.0004276336989956496, 'opt_wd': 6.691141435094853e-06}"
738308,e03c7137,0.16666666666666669,"{'batch_size': 64, 'num_CL': 4, 'size_CL': 19, 'kernel': 2, 'num_HL': 2, 'latent_dim': 9, 'opt_lr': 0.000264140580685871, 'opt_wd': 7.968748563002116e-06}"
740321,01d420b5,0.16666666666666669,"{'batch_size': 64, 'num_CL': 4, 'size_CL': 22, 'kernel': 2, 'num_HL': 2, 'latent_dim': 9, 'opt_lr': 0.0003668347780201274, 'opt_wd': 7.653953895036923e-06}"
740618,4f03146e,0.7370010787486516,"{'batch_size': 64, 'num_CL': 4, 'size_CL': 21, 'kernel': 2, 'num_HL': 2, 'latent_dim': 9, 'opt_lr': 0.00015180574266527352, 'opt_wd': 8.2945045315677e-06}"
742016,c45a0ba0,0.16666666666666669,"{'batch_size': 64, 'num_CL': 4, 'size_CL': 17, 'kernel': 2, 'num_HL': 2, 'latent_dim': 8, 'opt_lr': 0.00017518959012014523, 'opt_wd': 5.7024580594765226e-06}"
742434,b91c9388,0.7251348435814455,"{'batch_size': 64, 'num_CL': 4, 'size_CL': 19, 'kernel': 2, 'num_HL': 2, 'latent_dim': 9, 'opt_lr': 0.00022771609864256272, 'opt_wd': 6.260575420309661e-06}"
744138,c6b66d79,0.704099244875944,"{'batch_size': 64, 'num_CL': 4, 'size_CL': 17, 'kernel': 2, 'num_HL': 2, 'latent_dim': 8, 'opt_lr': 0.0004621733001186064, 'opt_wd': 6.950170023684498e-06}"
744307,1d70ef4e,0.16666666666666669,"{'batch_size': 64, 'num_CL': 4, 'size_CL': 22, 'kernel': 2, 'num_HL': 2, 'latent_dim': 8, 'opt_lr': 0.0002788011761256578, 'opt_wd': 8.058166177592027e-06}"
745532,a9c2a59b,0.7499999999999999,"{'batch_size': 64, 'num_CL': 4, 'size_CL': 21, 'kernel': 2, 'num_HL': 2, 'latent_dim': 9, 'opt_lr': 0.0003077069288552036, 'opt_wd': 8.863191082787449e-06}"
746238,b95b1d83,0.728856526429342,"{'batch_size': 64, 'num_CL': 4, 'size_CL': 20, 'kernel': 2, 'num_HL': 2, 'latent_dim': 9, 'opt_lr': 0.00040076831530126196, 'opt_wd': 6.082869402627322e-06}"
748226,77afebaf,0.7562567421790722,"{'batch_size': 64, 'num_CL': 4, 'size_CL': 18, 'kernel': 2, 'num_HL': 2, 'latent_dim': 8, 'opt_lr': 0.00019984575471068043, 'opt_wd': 7.81818054242545e-06}"
750471,3e89ad6e,0.7264832793959008,"{'batch_size': 64, 'num_CL': 4, 'size_CL': 16, 'kernel': 2, 'num_HL': 2, 'latent_dim': 8, 'opt_lr': 0.0001609142203578544, 'opt_wd': 6.730272891275455e-06}"
750489,90b10019,0.7421251348435814,"{'batch_size': 64, 'num_CL': 4, 'size_CL': 24, 'kernel': 2, 'num_HL': 2, 'latent_dim': 9, 'opt_lr': 0.00013089639284160276, 'opt_wd': 7.319728087657979e-06}"
750747,b1f1a9ac,0.731445523193096,"{'batch_size': 64, 'num_CL': 4, 'size_CL': 20, 'kernel': 2, 'num_HL': 2, 'latent_dim': 8, 'opt_lr': 0.0003392498102294719, 'opt_wd': 7.436698404506261e-06}"
750930,4449461a,0.7037216828478965,"{'batch_size': 64, 'num_CL': 4, 'size_CL': 22, 'kernel': 2, 'num_HL': 2, 'latent_dim': 9, 'opt_lr': 0.00024471299246292213, 'opt_wd': 8.63011803986173e-06}"
753356,1dccd008,0.16666666666666669,"{'batch_size': 64, 'num_CL': 4, 'size_CL': 15, 'kernel': 2, 'num_HL': 2, 'latent_dim': 7, 'opt_lr': 0.00020150319760018704, 'opt_wd': 9.003913265542375e-06}"
755748,438dccc9,0.7080366774541531,"{'batch_size': 64, 'num_CL': 4, 'size_CL': 18, 'kernel': 2, 'num_HL': 2, 'latent_dim': 7, 'opt_lr': 0.00018064559277553734, 'opt_wd': 8.223543981817571e-06}"
755786,df849b8c,0.7186084142394823,"{'batch_size': 64, 'num_CL': 4, 'size_CL': 18, 'kernel': 2, 'num_HL': 2, 'latent_dim': 8, 'opt_lr': 0.00010172530452348684, 'opt_wd': 7.875356983941363e-06}"
755947,603fd1fa,0.7222222222222221,"{'batch_size': 64, 'num_CL': 4, 'size_CL': 16, 'kernel': 2, 'num_HL': 2, 'latent_dim': 7, 'opt_lr': 0.00014719637153149255, 'opt_wd': 9.49043901530536e-06}"
756057,9eb55eb0,0.7183387270765913,"{'batch_size': 64, 'num_CL': 4, 'size_CL': 14, 'kernel': 2, 'num_HL': 2, 'latent_dim': 8, 'opt_lr': 0.00012373734096739701, 'opt_wd': 7.708948269612437e-06}"
758153,d9820e56,0.7382955771305285,"{'batch_size': 64, 'num_CL': 4, 'size_CL': 18, 'kernel': 2, 'num_HL': 2, 'latent_dim': 8, 'opt_lr': 0.0002133415899532399, 'opt_wd': 8.793181046165454e-06}"
761149,c206e32a,0.16666666666666669,"{'batch_size': 64, 'num_CL': 4, 'size_CL': 19, 'kernel': 2, 'num_HL': 2, 'latent_dim': 7, 'opt_lr': 0.00019499886663234636, 'opt_wd': 9.17680951609646e-06}"
761185,912f4b14,0.7112729234088457,"{'batch_size': 64, 'num_CL': 4, 'size_CL': 20, 'kernel': 2, 'num_HL': 2, 'latent_dim': 8, 'opt_lr': 8.717886384272127e-05, 'opt_wd': 9.98220122526822e-06}"
761274,60194242,0.721413160733549,"{'batch_size': 64, 'num_CL': 4, 'size_CL': 17, 'kernel': 2, 'num_HL': 2, 'latent_dim': 8, 'opt_lr': 0.00010933231701851931, 'opt_wd': 7.076432817022827e-06}"
761911,908eb92e,0.16666666666666669,"{'batch_size': 128, 'num_CL': 4, 'size_CL': 15, 'kernel': 2, 'num_HL': 2, 'latent_dim': 7, 'opt_lr': 0.00014063421004317935, 'opt_wd': 8.409339192024872e-06}"
763968,89d54124,0.16666666666666669,"{'batch_size': 64, 'num_CL': 4, 'size_CL': 21, 'kernel': 2, 'num_HL': 2, 'latent_dim': 8, 'opt_lr': 0.00016968022506436205, 'opt_wd': 5.902412457879486e-06}"
767420,9a03bc30,0.16666666666666669,"{'batch_size': 64, 'num_CL': 4, 'size_CL': 23, 'kernel': 2, 'num_HL': 2, 'latent_dim': 8, 'opt_lr': 0.00013042134714214161, 'opt_wd': 6.48999433446161e-06}"
767778,d38439d2,0.6822006472491909,"{'batch_size': 64, 'num_CL': 4, 'size_CL': 17, 'kernel': 2, 'num_HL': 2, 'latent_dim': 7, 'opt_lr': 9.673942306626103e-05, 'opt_wd': 7.767750142402278e-06}"
768162,00233f3e,0.16666666666666669,"{'batch_size': 64, 'num_CL': 4, 'size_CL': 24, 'kernel': 2, 'num_HL': 2, 'latent_dim': 8, 'opt_lr': 0.00018572247100583268, 'opt_wd': 9.723089064596572e-06}"
769561,bf702532,0.69848975188781,"{'batch_size': 64, 'num_CL': 4, 'size_CL': 16, 'kernel': 2, 'num_HL': 2, 'latent_dim': 7, 'opt_lr': 0.00011394037341499115, 'opt_wd': 5.122644793898588e-06}"
774332,9a308d19,0.7194714131607336,"{'batch_size': 64, 'num_CL': 4, 'size_CL': 13, 'kernel': 2, 'num_HL': 2, 'latent_dim': 8, 'opt_lr': 8.260854974880912e-05, 'opt_wd': 8.228683642265653e-06}"
774433,1cd08ff9,0.7306364617044228,"{'batch_size': 128, 'num_CL': 4, 'size_CL': 23, 'kernel': 2, 'num_HL': 2, 'latent_dim': 8, 'opt_lr': 0.00022774183433961657, 'opt_wd': 6.868822835687119e-06}"
774687,a0fd9403,0.7477885652642934,"{'batch_size': 128, 'num_CL': 4, 'size_CL': 26, 'kernel': 2, 'num_HL': 2, 'latent_dim': 8, 'opt_lr': 0.00015941696930425178, 'opt_wd': 5.550939119872376e-06}"
777073,0005c7e4,0.7567961165048545,"{'batch_size': 64, 'num_CL': 4, 'size_CL': 20, 'kernel': 4, 'num_HL': 2, 'latent_dim': 8, 'opt_lr': 1.1933579739285408e-05, 'opt_wd': 8.593706080754283e-06}"
780585,bcdb76a2,0.16666666666666669,"{'batch_size': 64, 'num_CL': 4, 'size_CL': 19, 'kernel': 4, 'num_HL': 2, 'latent_dim': 6, 'opt_lr': 1.704383709206127e-05, 'opt_wd': 6.323635103522328e-06}"
780949,0f754480,0.16666666666666669,"{'batch_size': 64, 'num_CL': 4, 'size_CL': 18, 'kernel': 2, 'num_HL': 2, 'latent_dim': 9, 'opt_lr': 7.31591989690682e-05, 'opt_wd': 6.598710369095762e-06}"
781377,85cff3a8,0.7229234088457389,"{'batch_size': 128, 'num_CL': 4, 'size_CL': 21, 'kernel': 2, 'num_HL': 2, 'latent_dim': 8, 'opt_lr': 0.00024420109976856156, 'opt_wd': 7.211497932118329e-06}"
783634,bed9f31a,0.7154800431499462,"{'batch_size': 64, 'num_CL': 4, 'size_CL': 22, 'kernel': 2, 'num_HL': 3, 'latent_dim': 7, 'opt_lr': 1.0251862560143378e-05, 'opt_wd': 8.053105275990036e-06}"
784499,c9279d82,0.5124056094929881,"{'batch_size': 64, 'num_CL': 4, 'size_CL': 23, 'kernel': 4, 'num_HL': 2, 'latent_dim': 8, 'opt_lr': 1.249965518803382e-05, 'opt_wd': 9.156231319130846e-06}"
789018,1f52879e,0.6409385113268609,"{'batch_size': 64, 'num_CL': 4, 'size_CL': 20, 'kernel': 4, 'num_HL': 3, 'latent_dim': 7, 'opt_lr': 1.1822133780593015e-05, 'opt_wd': 8.635739192425846e-06}"
789111,1493dbc0,0.529126213592233,"{'batch_size': 64, 'num_CL': 4, 'size_CL': 25, 'kernel': 4, 'num_HL': 2, 'latent_dim': 9, 'opt_lr': 1.4400434862123895e-05, 'opt_wd': 9.782158885537467e-06}"
790852,3faebf7d,0.36192017259978426,"{'batch_size': 64, 'num_CL': 4, 'size_CL': 22, 'kernel': 4, 'num_HL': 2, 'latent_dim': 8, 'opt_lr': 1.5943083333761054e-05, 'opt_wd': 8.930422629137362e-06}"
792016,efa4717c,0.7513484358144552,"{'batch_size': 128, 'num_CL': 4, 'size_CL': 25, 'kernel': 4, 'num_HL': 2, 'latent_dim': 8, 'opt_lr': 1.0021538635555223e-05, 'opt_wd': 9.520982555302538e-06}"
792779,0fd2a749,0.16666666666666669,"{'batch_size': 64, 'num_CL': 4, 'size_CL': 21, 'kernel': 4, 'num_HL': 3, 'latent_dim': 7, 'opt_lr': 1.361130518183807e-05, 'opt_wd': 9.33874987531312e-06}"
795839,daca7709,0.6963322545846818,"{'batch_size': 64, 'num_CL': 4, 'size_CL': 19, 'kernel': 4, 'num_HL': 2, 'latent_dim': 6, 'opt_lr': 2.1858135092172864e-05, 'opt_wd': 9.984074941544298e-06}"
796186,b2181de5,0.5620280474649406,"{'batch_size': 128, 'num_CL': 4, 'size_CL': 24, 'kernel': 4, 'num_HL': 2, 'latent_dim': 9, 'opt_lr': 1.8366804270359435e-05, 'opt_wd': 6.446156598236649e-07}"
799792,c4ed9dd5,0.4325782092772384,"{'batch_size': 128, 'num_CL': 4, 'size_CL': 19, 'kernel': 4, 'num_HL': 2, 'latent_dim': 8, 'opt_lr': 1.0839219223107006e-05, 'opt_wd': 7.572086876131634e-06}"
800185,b3c09977,0.16666666666666669,"{'batch_size': 64, 'num_CL': 4, 'size_CL': 22, 'kernel': 4, 'num_HL': 3, 'latent_dim': 7, 'opt_lr': 1.2169528464294963e-05, 'opt_wd': 8.537608913198482e-06}"
803145,acebcf20,0.16666666666666669,"{'batch_size': 64, 'num_CL': 4, 'size_CL': 23, 'kernel': 4, 'num_HL': 2, 'latent_dim': 9, 'opt_lr': 1.1232647443368761e-05, 'opt_wd': 8.352946931442335e-06}"
803931,555300c9,0.8099244875943906,"{'batch_size': 64, 'num_CL': 4, 'size_CL': 20, 'kernel': 4, 'num_HL': 2, 'latent_dim': 9, 'opt_lr': 1.0030598386063289e-05, 'opt_wd': 5.272108990664713e-06}"
804255,6b3fdf85,0.16666666666666669,"{'batch_size': 64, 'num_CL': 4, 'size_CL': 20, 'kernel': 4, 'num_HL': 3, 'latent_dim': 8, 'opt_lr': 1.5591129464023564e-05, 'opt_wd': 8.7636141949833e-06}"
806820,e5c90506,0.46601941747572817,"{'batch_size': 128, 'num_CL': 4, 'size_CL': 21, 'kernel': 4, 'num_HL': 2, 'latent_dim': 8, 'opt_lr': 1.3181883959874663e-05, 'opt_wd': 9.020987810114349e-06}"
808488,4f92f399,0.7501618122977346,"{'batch_size': 64, 'num_CL': 4, 'size_CL': 24, 'kernel': 4, 'num_HL': 2, 'latent_dim': 9, 'opt_lr': 2.054483624403082e-05, 'opt_wd': 7.986693694052302e-06}"
810304,824ef098,0.2540453074433657,"{'batch_size': 64, 'num_CL': 4, 'size_CL': 22, 'kernel': 4, 'num_HL': 2, 'latent_dim': 9, 'opt_lr': 1.7129193871649208e-05, 'opt_wd': 9.632000171020064e-07}"
811297,2f083136,0.16666666666666669,"{'batch_size': 64, 'num_CL': 4, 'size_CL': 17, 'kernel': 4, 'num_HL': 3, 'latent_dim': 9, 'opt_lr': 1.4140168882309462e-05, 'opt_wd': 3.699648783983729e-06}"
814312,f402d297,0.756148867313916,"{'batch_size': 64, 'num_CL': 4, 'size_CL': 26, 'kernel': 4, 'num_HL': 2, 'latent_dim': 9, 'opt_lr': 2.4195528412019583e-05, 'opt_wd': 4.7089363978906455e-06}"
817238,e62cc254,0.43473570658036675,"{'batch_size': 64, 'num_CL': 4, 'size_CL': 20, 'kernel': 4, 'num_HL': 2, 'latent_dim': 9, 'opt_lr': 1.0618748204406909e-05, 'opt_wd': 5.237330656850779e-06}"
819821,82ebfaf4,0.7637540453074434,"{'batch_size': 128, 'num_CL': 4, 'size_CL': 21, 'kernel': 4, 'num_HL': 2, 'latent_dim': 5, 'opt_lr': 1.3331698767851116e-05, 'opt_wd': 4.909266511437976e-06}"
819824,5e69ab64,0.7304746494066883,"{'batch_size': 64, 'num_CL': 4, 'size_CL': 23, 'kernel': 4, 'num_HL': 2, 'latent_dim': 9, 'opt_lr': 1.956015225382513e-05, 'opt_wd': 5.3422099743668214e-06}"
820750,44be34f6,0.5746494066882416,"{'batch_size': 128, 'num_CL': 3, 'size_CL': 16, 'kernel': 4, 'num_HL': 2, 'latent_dim': 9, 'opt_lr': 1.0062728101395022e-05, 'opt_wd': 4.481553260629268e-06}"
825546,6f398c53,0.7214131607335491,"{'batch_size': 64, 'num_CL': 4, 'size_CL': 25, 'kernel': 4, 'num_HL': 2, 'latent_dim': 9, 'opt_lr': 1.5163833660589578e-05, 'opt_wd': 5.496756235092442e-06}"
826662,3f4e43d6,0.48381877022653724,"{'batch_size': 128, 'num_CL': 4, 'size_CL': 21, 'kernel': 4, 'num_HL': 2, 'latent_dim': 5, 'opt_lr': 1.084819429126155e-05, 'opt_wd': 3.4588165376880707e-06}"
828703,f1dbadd6,0.16666666666666669,"{'batch_size': 64, 'num_CL': 4, 'size_CL': 27, 'kernel': 4, 'num_HL': 2, 'latent_dim': 5, 'opt_lr': 1.2919805790091239e-05, 'opt_wd': 3.925678108170224e-06}"
832370,156d8879,0.7394822006472491,"{'batch_size': 64, 'num_CL': 4, 'size_CL': 28, 'kernel': 4, 'num_HL': 3, 'latent_dim': 9, 'opt_lr': 1.0050346983284035e-05, 'opt_wd': 4.171230689765296e-06}"
833330,822f5a6b,0.6621898597626752,"{'batch_size': 64, 'num_CL': 4, 'size_CL': 22, 'kernel': 4, 'num_HL': 2, 'latent_dim': 4, 'opt_lr': 1.8264510609157325e-05, 'opt_wd': 4.916305743471337e-06}"
833331,051fc91c,0.5132686084142395,"{'batch_size': 64, 'num_CL': 4, 'size_CL': 24, 'kernel': 4, 'num_HL': 2, 'latent_dim': 5, 'opt_lr': 1.1764075620156275e-05, 'opt_wd': 3.005681737581504e-06}"
833369,e8b31436,0.16666666666666669,"{'batch_size': 64, 'num_CL': 2, 'size_CL': 23, 'kernel': 4, 'num_HL': 2, 'latent_dim': 4, 'opt_lr': 1.3484923321888175e-05, 'opt_wd': 4.445205660837527e-06}"
834334,29ebae8f,0.4843581445523193,"{'batch_size': 128, 'num_CL': 4, 'size_CL': 19, 'kernel': 4, 'num_HL': 2, 'latent_dim': 5, 'opt_lr': 1.5425426415621792e-05, 'opt_wd': 3.265243538102542e-06}"
838273,bdeb0eb4,0.517259978425027,"{'batch_size': 64, 'num_CL': 4, 'size_CL': 18, 'kernel': 4, 'num_HL': 2, 'latent_dim': 5, 'opt_lr': 2.214051991404837e-05, 'opt_wd': 4.14572295613103e-06}"
841151,37736d96,0.16666666666666669,"{'batch_size': 64, 'num_CL': 4, 'size_CL': 26, 'kernel': 4, 'num_HL': 2, 'latent_dim': 5, 'opt_lr': 1.253333018407225e-05, 'opt_wd': 4.708764648293253e-06}"
841658,f835961d,0.46763754045307443,"{'batch_size': 64, 'num_CL': 4, 'size_CL': 23, 'kernel': 4, 'num_HL': 2, 'latent_dim': 4, 'opt_lr': 2.748314229430598e-05, 'opt_wd': 3.5964571056470747e-06}"
845082,0d121568,0.16666666666666669,"{'batch_size': 64, 'num_CL': 4, 'size_CL': 21, 'kernel': 4, 'num_HL': 2, 'latent_dim': 5, 'opt_lr': 3.562150703588086e-05, 'opt_wd': 4.173791572469053e-06}"
847514,804147b9,0.7081984897518878,"{'batch_size': 64, 'num_CL': 4, 'size_CL': 21, 'kernel': 4, 'num_HL': 2, 'latent_dim': 4, 'opt_lr': 1.4351359672437611e-05, 'opt_wd': 4.57098993028201e-06}"
847627,13780d34,0.48813376483279397,"{'batch_size': 128, 'num_CL': 4, 'size_CL': 14, 'kernel': 4, 'num_HL': 2, 'latent_dim': 4, 'opt_lr': 1.6468722180656356e-05, 'opt_wd': 3.7324385666402823e-06}"
850621,7a11af58,0.6990830636461705,"{'batch_size': 128, 'num_CL': 4, 'size_CL': 24, 'kernel': 4, 'num_HL': 2, 'latent_dim': 5, 'opt_lr': 1.0934481182662597e-05, 'opt_wd': 4.995056148575093e-06}"
851247,c12eaa2e,0.6827939590075512,"{'batch_size': 64, 'num_CL': 3, 'size_CL': 17, 'kernel': 4, 'num_HL': 2, 'latent_dim': 5, 'opt_lr': 1.9713485623449726e-05, 'opt_wd': 5.10027072617715e-06}"
852356,16cc7dba,0.6832254584681768,"{'batch_size': 64, 'num_CL': 4, 'size_CL': 25, 'kernel': 4, 'num_HL': 2, 'latent_dim': 5, 'opt_lr': 1.0004158842884852e-05, 'opt_wd': 5.64746347118475e-06}"
853595,66cd73ae,0.16666666666666669,"{'batch_size': 64, 'num_CL': 4, 'size_CL': 19, 'kernel': 4, 'num_HL': 2, 'latent_dim': 4, 'opt_lr': 1.2144524638009464e-05, 'opt_wd': 4.9240283521316435e-06}"
854707,743357ba,0.6867313915857606,"{'batch_size': 64, 'num_CL': 4, 'size_CL': 27, 'kernel': 4, 'num_HL': 2, 'latent_dim': 5, 'opt_lr': 1.1163318908639935e-05, 'opt_wd': 2.436158036840886e-06}"
856620,c74734ac,0.22923408845738943,"{'batch_size': 64, 'num_CL': 4, 'size_CL': 22, 'kernel': 4, 'num_HL': 2, 'latent_dim': 5, 'opt_lr': 1.018398061806482e-05, 'opt_wd': 4.655338097843784e-06}"
858429,1599e0e0,0.16666666666666669,"{'batch_size': 64, 'num_CL': 4, 'size_CL': 3, 'kernel': 4, 'num_HL': 2, 'latent_dim': 4, 'opt_lr': 1.3402036660216493e-05, 'opt_wd': 5.747129932478413e-06}"
858688,1d9652ff,0.6960625674217906,"{'batch_size': 64, 'num_CL': 4, 'size_CL': 18, 'kernel': 4, 'num_HL': 2, 'latent_dim': 5, 'opt_lr': 6.280359010412418e-05, 'opt_wd': 3.929465023787449e-06}"
859237,284fa3ab,0.7108953613807982,"{'batch_size': 128, 'num_CL': 4, 'size_CL': 20, 'kernel': 4, 'num_HL': 2, 'latent_dim': 6, 'opt_lr': 2.4845556422110573e-05, 'opt_wd': 5.271512410396706e-06}"
863264,3fbe8832,0.39374325782092773,"{'batch_size': 64, 'num_CL': 2, 'size_CL': 30, 'kernel': 4, 'num_HL': 2, 'latent_dim': 6, 'opt_lr': 1.774638716843704e-05, 'opt_wd': 4.26207863159407e-06}"
863536,104ee99c,0.7289644012944982,"{'batch_size': 64, 'num_CL': 3, 'size_CL': 20, 'kernel': 3, 'num_HL': 2, 'latent_dim': 6, 'opt_lr': 0.0002860824815943966, 'opt_wd': 4.8729348243524755e-06}"
865472,dd12d46a,0.6899137001078748,"{'batch_size': 64, 'num_CL': 4, 'size_CL': 19, 'kernel': 4, 'num_HL': 2, 'latent_dim': 5, 'opt_lr': 1.5143348578223473e-05, 'opt_wd': 5.470342511362926e-06}"
869974,8ad60d14,0.718824163969795,"{'batch_size': 64, 'num_CL': 4, 'size_CL': 17, 'kernel': 4, 'num_HL': 2, 'latent_dim': 6, 'opt_lr': 2.153677081781538e-05, 'opt_wd': 5.855572138973604e-06}"
870230,beef593b,0.6521035598705501,"{'batch_size': 128, 'num_CL': 4, 'size_CL': 15, 'kernel': 3, 'num_HL': 2, 'latent_dim': 3, 'opt_lr': 1.0053520729501746e-05, 'opt_wd': 5.964398757480887e-06}"
870291,1e035ab8,0.16666666666666669,"{'batch_size': 64, 'num_CL': 4, 'size_CL': 28, 'kernel': 4, 'num_HL': 2, 'latent_dim': 5, 'opt_lr': 1.0000587798241688e-05, 'opt_wd': 6.123249139220207e-06}"
872005,3e722fad,0.7076591154261057,"{'batch_size': 64, 'num_CL': 4, 'size_CL': 23, 'kernel': 3, 'num_HL': 2, 'latent_dim': 4, 'opt_lr': 3.0158998270300043e-05, 'opt_wd': 4.4759366586165e-06}"
872156,8245aa27,0.6806364617044229,"{'batch_size': 128, 'num_CL': 4, 'size_CL': 21, 'kernel': 4, 'num_HL': 2, 'latent_dim': 4, 'opt_lr': 1.6244461163071786e-05, 'opt_wd': 5.066049934891496e-06}"
874640,0ce658ce,0.706957928802589,"{'batch_size': 64, 'num_CL': 4, 'size_CL': 16, 'kernel': 4, 'num_HL': 2, 'latent_dim': 5, 'opt_lr': 0.0003128259882803216, 'opt_wd': 3.495920491860693e-06}"
877059,a1968754,0.718284789644013,"{'batch_size': 128, 'num_CL': 4, 'size_CL': 22, 'kernel': 4, 'num_HL': 2, 'latent_dim': 6, 'opt_lr': 4.239307083894584e-05, 'opt_wd': 2.812590342136783e-06}"
879065,3d92b2fe,0.16666666666666669,"{'batch_size': 128, 'num_CL': 4, 'size_CL': 25, 'kernel': 4, 'num_HL': 2, 'latent_dim': 5, 'opt_lr': 0.0003659615458691307, 'opt_wd': 4.795576321589629e-06}"
882614,9300800e,0.6631067961165049,"{'batch_size': 64, 'num_CL': 4, 'size_CL': 19, 'kernel': 4, 'num_HL': 2, 'latent_dim': 4, 'opt_lr': 1.4151840308877952e-05, 'opt_wd': 5.449205160126037e-06}"
882967,07356b35,0.6623516720604099,"{'batch_size': 64, 'num_CL': 4, 'size_CL': 26, 'kernel': 3, 'num_HL': 2, 'latent_dim': 3, 'opt_lr': 1.2045087447989656e-05, 'opt_wd': 5.234086796833886e-06}"
883434,7c6c9e4d,0.16666666666666669,"{'batch_size': 64, 'num_CL': 3, 'size_CL': 18, 'kernel': 3, 'num_HL': 2, 'latent_dim': 5, 'opt_lr': 0.00014998691687373832, 'opt_wd': 4.06524991634205e-06}"
885500,db824e73,0.1715210355987055,"{'batch_size': 64, 'num_CL': 4, 'size_CL': 20, 'kernel': 4, 'num_HL': 2, 'latent_dim': 6, 'opt_lr': 2.381535188815928e-05, 'opt_wd': 3.833312349087406e-06}"
887334,d63a5ade,0.7114347357065803,"{'batch_size': 64, 'num_CL': 4, 'size_CL': 24, 'kernel': 4, 'num_HL': 2, 'latent_dim': 6, 'opt_lr': 1.9516004562945424e-05, 'opt_wd': 5.763313921777102e-06}"
887721,5eb60b75,0.5399137001078749,"{'batch_size': 64, 'num_CL': 2, 'size_CL': 22, 'kernel': 4, 'num_HL': 2, 'latent_dim': 2, 'opt_lr': 0.0004749646629882325, 'opt_wd': 5.688487883865147e-06}"
890629,fd863082,0.16666666666666669,"{'batch_size': 128, 'num_CL': 4, 'size_CL': 31, 'kernel': 4, 'num_HL': 2, 'latent_dim': 3, 'opt_lr': 0.0002659924650747706, 'opt_wd': 4.3602320676188064e-06}"
891752,5d78cb4e,0.49514563106796117,"{'batch_size': 64, 'num_CL': 4, 'size_CL': 17, 'kernel': 4, 'num_HL': 2, 'latent_dim': 5, 'opt_lr': 1.144281613099965e-05, 'opt_wd': 5.1826828196418875e-06}"
894195,3e0a63a3,0.16666666666666669,"{'batch_size': 64, 'num_CL': 4, 'size_CL': 23, 'kernel': 4, 'num_HL': 2, 'latent_dim': 6, 'opt_lr': 2.646685796550076e-05, 'opt_wd': 6.001579360777192e-06}"
894500,ac64ac34,0.7024811218985978,"{'batch_size': 128, 'num_CL': 4, 'size_CL': 24, 'kernel': 3, 'num_HL': 2, 'latent_dim': 5, 'opt_lr': 0.0003222774226033277, 'opt_wd': 5.757146467482683e-08}"
896711,f13f61a2,0.16666666666666669,"{'batch_size': 64, 'num_CL': 4, 'size_CL': 18, 'kernel': 4, 'num_HL': 2, 'latent_dim': 4, 'opt_lr': 0.00021537961334188393, 'opt_wd': 4.553456803754413e-06}"
897516,a2fafd81,0.7071197411003236,"{'batch_size': 64, 'num_CL': 4, 'size_CL': 21, 'kernel': 3, 'num_HL': 2, 'latent_dim': 4, 'opt_lr': 1.7837517912291394e-05, 'opt_wd': 2.5046515702917078e-06}"
898392,e9af2af2,0.6759978425026969,"{'batch_size': 64, 'num_CL': 4, 'size_CL': 22, 'kernel': 4, 'num_HL': 2, 'latent_dim': 5, 'opt_lr': 0.00012101645237196195, 'opt_wd': 6.170418239760318e-06}"
900447,4142ebb4,0.16666666666666669,"{'batch_size': 64, 'num_CL': 4, 'size_CL': 19, 'kernel': 4, 'num_HL': 2, 'latent_dim': 9, 'opt_lr': 5.440098387521771e-05, 'opt_wd': 3.181190736805084e-06}"
903302,5a486f78,0.16666666666666669,"{'batch_size': 64, 'num_CL': 3, 'size_CL': 21, 'kernel': 3, 'num_HL': 2, 'latent_dim': 4, 'opt_lr': 0.0001071871757254615, 'opt_wd': 4.954064829542781e-06}"
903900,802f2051,0.644066882416397,"{'batch_size': 128, 'num_CL': 4, 'size_CL': 27, 'kernel': 3, 'num_HL': 2, 'latent_dim': 6, 'opt_lr': 1.3406887843086505e-05, 'opt_wd': 4.776091855557984e-06}"
903997,490f72ea,0.703344120819849,"{'batch_size': 64, 'num_CL': 4, 'size_CL': 29, 'kernel': 4, 'num_HL': 2, 'latent_dim': 5, 'opt_lr': 0.00018222692040708802, 'opt_wd': 5.4244206642466735e-06}"
905265,7b79bafc,0.16666666666666669,"{'batch_size': 64, 'num_CL': 4, 'size_CL': 15, 'kernel': 4, 'num_HL': 2, 'latent_dim': 9, 'opt_lr': 8.735953402096528e-05, 'opt_wd': 4.328603969898989e-06}"
907630,87f648ea,0.7153182308522115,"{'batch_size': 128, 'num_CL': 4, 'size_CL': 7, 'kernel': 4, 'num_HL': 2, 'latent_dim': 6, 'opt_lr': 0.00016431815508021174, 'opt_wd': 5.521286975801462e-06}"
909276,1eacc10b,0.7210355987055016,"{'batch_size': 64, 'num_CL': 4, 'size_CL': 24, 'kernel': 4, 'num_HL': 2, 'latent_dim': 6, 'opt_lr': 0.00041474300019831665, 'opt_wd': 5.840064667775889e-06}"
910809,438d8690,0.7080906148867314,"{'batch_size': 128, 'num_CL': 4, 'size_CL': 23, 'kernel': 4, 'num_HL': 2, 'latent_dim': 9, 'opt_lr': 0.0001357118195993135, 'opt_wd': 6.381082111013921e-06}"
913117,35126a0e,0.16666666666666669,"{'batch_size': 64, 'num_CL': 4, 'size_CL': 14, 'kernel': 3, 'num_HL': 2, 'latent_dim': 9, 'opt_lr': 0.0006230008973075022, 'opt_wd': 3.3724826085178826e-06}"
913203,e6be1d95,0.7107874865156417,"{'batch_size': 64, 'num_CL': 4, 'size_CL': 20, 'kernel': 3, 'num_HL': 2, 'latent_dim': 5, 'opt_lr': 1.0000666037316454e-05, 'opt_wd': 5.09540220031383e-06}"
914593,8655de23,0.7262675296655879,"{'batch_size': 64, 'num_CL': 4, 'size_CL': 17, 'kernel': 4, 'num_HL': 2, 'latent_dim': 9, 'opt_lr': 3.439894779976833e-05, 'opt_wd': 5.322494593103867e-06}"
917903,c44fdd56,0.7314455231930961,"{'batch_size': 128, 'num_CL': 4, 'size_CL': 25, 'kernel': 4, 'num_HL': 2, 'latent_dim': 9, 'opt_lr': 1.4656567144249404e-05, 'opt_wd': 4.0678770447780826e-06}"
918728,eb48a5a6,0.4627831715210356,"{'batch_size': 64, 'num_CL': 3, 'size_CL': 21, 'kernel': 4, 'num_HL': 2, 'latent_dim': 5, 'opt_lr': 1.2378608858262455e-05, 'opt_wd': 2.135712276543904e-06}"
918846,99505406,0.16666666666666669,"{'batch_size': 64, 'num_CL': 4, 'size_CL': 18, 'kernel': 3, 'num_HL': 2, 'latent_dim': 9, 'opt_lr': 1.1037932674278818e-05, 'opt_wd': 5.64518697223256e-06}"
922351,26b4e55a,0.6029126213592232,"{'batch_size': 64, 'num_CL': 4, 'size_CL': 16, 'kernel': 4, 'num_HL': 2, 'latent_dim': 9, 'opt_lr': 1.0046803204149938e-05, 'opt_wd': 6.271727763611663e-06}"
922363,41bc207b,0.6191477885652643,"{'batch_size': 64, 'num_CL': 4, 'size_CL': 20, 'kernel': 4, 'num_HL': 2, 'latent_dim': 3, 'opt_lr': 1.629262095146901e-05, 'opt_wd': 3.6943824078293058e-06}"
923719,142694f8,0.16666666666666669,"{'batch_size': 64, 'num_CL': 4, 'size_CL': 19, 'kernel': 3, 'num_HL': 2, 'latent_dim': 4, 'opt_lr': 7.699733881164453e-05, 'opt_wd': 4.67352003809347e-06}"
924345,ee59c99f,0.5733549083063646,"{'batch_size': 128, 'num_CL': 4, 'size_CL': 22, 'kernel': 4, 'num_HL': 2, 'latent_dim': 6, 'opt_lr': 0.00024004767556983444, 'opt_wd': 6.1020301642472895e-06}"
924724,d1cf4770,0.7265911542610571,"{'batch_size': 64, 'num_CL': 4, 'size_CL': 13, 'kernel': 4, 'num_HL': 2, 'latent_dim': 9, 'opt_lr': 6.933975582208407e-05, 'opt_wd': 6.486117589729077e-06}"
927444,a4dadbd7,0.16666666666666669,"{'batch_size': 64, 'num_CL': 4, 'size_CL': 15, 'kernel': 4, 'num_HL': 2, 'latent_dim': 9, 'opt_lr': 0.0005257629430849143, 'opt_wd': 5.869629874726627e-06}"
927683,f1ac5df6,0.16666666666666669,"{'batch_size': 128, 'num_CL': 4, 'size_CL': 16, 'kernel': 4, 'num_HL': 2, 'latent_dim': 9, 'opt_lr': 0.0003695938877885705, 'opt_wd': 2.9095803440499808e-06}"
929323,ab15d0db,0.38673139158576053,"{'batch_size': 64, 'num_CL': 4, 'size_CL': 23, 'kernel': 3, 'num_HL': 2, 'latent_dim': 5, 'opt_lr': 1.9038976638876623e-05, 'opt_wd': 5.236052998030487e-06}"
929737,e1a2f2aa,0.16666666666666669,"{'batch_size': 64, 'num_CL': 2, 'size_CL': 19, 'kernel': 4, 'num_HL': 2, 'latent_dim': 2, 'opt_lr': 0.0001433840084395405, 'opt_wd': 4.906563091444703e-06}"
930301,1c98da23,0.16666666666666669,"{'batch_size': 64, 'num_CL': 4, 'size_CL': 18, 'kernel': 4, 'num_HL': 2, 'latent_dim': 9, 'opt_lr': 0.00028497018200009734, 'opt_wd': 5.624122680504291e-06}"
933489,76ad13e5,0.16666666666666669,"{'batch_size': 128, 'num_CL': 3, 'size_CL': 20, 'kernel': 4, 'num_HL': 2, 'latent_dim': 4, 'opt_lr': 9.354978781947012e-05, 'opt_wd': 6.6816944938747e-06}"
934176,431d45e3,0.16666666666666669,"{'batch_size': 64, 'num_CL': 4, 'size_CL': 22, 'kernel': 3, 'num_HL': 2, 'latent_dim': 5, 'opt_lr': 3.87999443587942e-05, 'opt_wd': 1.6723141927217054e-06}"
934791,d439652d,0.16666666666666669,"{'batch_size': 64, 'num_CL': 4, 'size_CL': 11, 'kernel': 4, 'num_HL': 2, 'latent_dim': 6, 'opt_lr': 4.744672022162203e-05, 'opt_wd': 4.678990733870401e-06}"
936787,bf0fb09c,0.7246494066882415,"{'batch_size': 64, 'num_CL': 4, 'size_CL': 26, 'kernel': 4, 'num_HL': 2, 'latent_dim': 9, 'opt_lr': 2.2010844867010605e-05, 'opt_wd': 4.362412773674252e-06}"
939086,11b94476,0.6945523193096009,"{'batch_size': 128, 'num_CL': 4, 'size_CL': 24, 'kernel': 3, 'num_HL': 2, 'latent_dim': 9, 'opt_lr': 1.308138207977462e-05, 'opt_wd': 6.145745091594212e-06}"
940090,808a5233,0.728586839266451,"{'batch_size': 64, 'num_CL': 4, 'size_CL': 17, 'kernel': 4, 'num_HL': 2, 'latent_dim': 9, 'opt_lr': 0.00021766597955035676, 'opt_wd': 5.959681222085946e-06}"
940844,26160a59,0.7271844660194174,"{'batch_size': 64, 'num_CL': 4, 'size_CL': 21, 'kernel': 4, 'num_HL': 2, 'latent_dim': 9, 'opt_lr': 2.9105675620421178e-05, 'opt_wd': 5.432419550452018e-06}"
942484,ad95e8fb,0.16666666666666669,"{'batch_size': 64, 'num_CL': 4, 'size_CL': 19, 'kernel': 2, 'num_HL': 4, 'latent_dim': 4, 'opt_lr': 0.00025228313083431345, 'opt_wd': 2.8541241696462737e-07}"
944036,3051a988,0.6666666666666667,"{'batch_size': 128, 'num_CL': 4, 'size_CL': 25, 'kernel': 3, 'num_HL': 2, 'latent_dim': 6, 'opt_lr': 0.00032957901896203294, 'opt_wd': 3.842278008910698e-06}"
946295,239e05bf,0.16666666666666669,"{'batch_size': 64, 'num_CL': 3, 'size_CL': 18, 'kernel': 4, 'num_HL': 2, 'latent_dim': 9, 'opt_lr': 0.0001997057512217664, 'opt_wd': 5.012400030425432e-06}"
948288,b86abfad,0.16666666666666669,"{'batch_size': 128, 'num_CL': 4, 'size_CL': 20, 'kernel': 4, 'num_HL': 2, 'latent_dim': 9, 'opt_lr': 0.00012814947137032405, 'opt_wd': 4.538584792134805e-06}"
950017,e9328354,0.16666666666666669,"{'batch_size': 64, 'num_CL': 4, 'size_CL': 21, 'kernel': 2, 'num_HL': 2, 'latent_dim': 5, 'opt_lr': 2.0727744370071688e-05, 'opt_wd': 4.168462198666626e-06}"
950967,b9b12392,0.6841963322545845,"{'batch_size': 64, 'num_CL': 4, 'size_CL': 23, 'kernel': 2, 'num_HL': 2, 'latent_dim': 5, 'opt_lr': 1.5499048075917323e-05, 'opt_wd': 6.855441165343869e-06}"
951473,19b8c2be,0.16666666666666669,"{'batch_size': 64, 'num_CL': 4, 'size_CL': 16, 'kernel': 3, 'num_HL': 2, 'latent_dim': 8, 'opt_lr': 0.00017178851484527744, 'opt_wd': 5.2014592251069225e-06}"
953834,7667b1f3,0.16666666666666669,"{'batch_size': 64, 'num_CL': 4, 'size_CL': 22, 'kernel': 4, 'num_HL': 2, 'latent_dim': 9, 'opt_lr': 3.2275864141782516e-05, 'opt_wd': 5.624536906563505e-06}"
954337,a070c609,0.7521035598705502,"{'batch_size': 64, 'num_CL': 4, 'size_CL': 12, 'kernel': 4, 'num_HL': 2, 'latent_dim': 9, 'opt_lr': 1.1530147985920364e-05, 'opt_wd': 6.366722233241384e-06}"
955024,d4e6ec3e,0.6991909385113269,"{'batch_size': 128, 'num_CL': 2, 'size_CL': 20, 'kernel': 2, 'num_HL': 2, 'latent_dim': 6, 'opt_lr': 0.0009393557505595256, 'opt_wd': 6.635457679311475e-06}"
956188,8173d432,0.16720604099244876,"{'batch_size': 64, 'num_CL': 4, 'size_CL': 17, 'kernel': 4, 'num_HL': 2, 'latent_dim': 8, 'opt_lr': 1.38725540893688e-05, 'opt_wd': 6.2502318291049695e-06}"
959777,3c669166,0.6704962243797195,"{'batch_size': 64, 'num_CL': 4, 'size_CL': 21, 'kernel': 4, 'num_HL': 2, 'latent_dim': 9, 'opt_lr': 1.0000884780113085e-05, 'opt_wd': 5.384909837636961e-06}"
960111,5991494a,0.16666666666666669,"{'batch_size': 128, 'num_CL': 4, 'size_CL': 18, 'kernel': 3, 'num_HL': 2, 'latent_dim': 8, 'opt_lr': 0.00015451846749629406, 'opt_wd': 6.119239056338259e-06}"
960477,14133c05,0.6245415318230852,"{'batch_size': 64, 'num_CL': 4, 'size_CL': 25, 'kernel': 2, 'num_HL': 2, 'latent_dim': 9, 'opt_lr': 1.7310441891742604e-05, 'opt_wd': 7.022790217891973e-06}"
961269,90aa521d,0.16666666666666669,"{'batch_size': 64, 'num_CL': 4, 'size_CL': 23, 'kernel': 4, 'num_HL': 2, 'latent_dim': 5, 'opt_lr': 0.00011277587757858053, 'opt_wd': 3.577274422263329e-06}"
961936,502ddd9a,0.16666666666666669,"{'batch_size': 64, 'num_CL': 3, 'size_CL': 19, 'kernel': 2, 'num_HL': 2, 'latent_dim': 4, 'opt_lr': 0.0001851368416816901, 'opt_wd': 4.793423636436294e-06}"
966111,1d1c6b13,0.3673139158576052,"{'batch_size': 64, 'num_CL': 4, 'size_CL': 2, 'kernel': 4, 'num_HL': 4, 'latent_dim': 9, 'opt_lr': 1.0957780746081921e-05, 'opt_wd': 6.509988717719767e-06}"
966147,bb4141a0,0.16666666666666669,"{'batch_size': 64, 'num_CL': 4, 'size_CL': 24, 'kernel': 2, 'num_HL': 2, 'latent_dim': 8, 'opt_lr': 2.3039194179228975e-05, 'opt_wd': 4.034325927831328e-06}"
966683,907cd88c,0.16666666666666669,"{'batch_size': 64, 'num_CL': 4, 'size_CL': 15, 'kernel': 4, 'num_HL': 2, 'latent_dim': 3, 'opt_lr': 0.0001009425606163905, 'opt_wd': 5.034442635780878e-06}"
966946,0b5cd007,0.7025350593311759,"{'batch_size': 128, 'num_CL': 4, 'size_CL': 4, 'kernel': 3, 'num_HL': 2, 'latent_dim': 9, 'opt_lr': 0.0004276712912622449, 'opt_wd': 3.065670240917912e-06}"
968748,c6ab0e68,0.6876483279395901,"{'batch_size': 64, 'num_CL': 4, 'size_CL': 26, 'kernel': 4, 'num_HL': 2, 'latent_dim': 6, 'opt_lr': 1.1769014248679768e-05, 'opt_wd': 5.801085765660081e-06}"
971989,f53c6aa2,0.7443905070118662,"{'batch_size': 128, 'num_CL': 4, 'size_CL': 14, 'kernel': 2, 'num_HL': 2, 'latent_dim': 9, 'opt_lr': 0.0002680894798370019, 'opt_wd': 4.439143473187859e-06}"
972057,64194dcb,0.540453074433657,"{'batch_size': 64, 'num_CL': 4, 'size_CL': 22, 'kernel': 4, 'num_HL': 2, 'latent_dim': 8, 'opt_lr': 1.4197174055659645e-05, 'opt_wd': 6.0223337293330065e-06}"
972167,737ef731,0.16666666666666669,"{'batch_size': 64, 'num_CL': 4, 'size_CL': 20, 'kernel': 3, 'num_HL': 2, 'latent_dim': 8, 'opt_lr': 0.00038638272600631204, 'opt_wd': 6.835619428871146e-06}"
973228,864bd587,0.34681769147788566,"{'batch_size': 64, 'num_CL': 4, 'size_CL': 28, 'kernel': 4, 'num_HL': 2, 'latent_dim': 5, 'opt_lr': 1.830783993232678e-05, 'opt_wd': 5.491893687330468e-06}"
974821,d525c9c0,0.7149946062567422,"{'batch_size': 64, 'num_CL': 4, 'size_CL': 16, 'kernel': 2, 'num_HL': 2, 'latent_dim': 9, 'opt_lr': 0.0007046641714821584, 'opt_wd': 6.393008293899658e-06}"
976398,4bc31866,0.21089536138079829,"{'batch_size': 64, 'num_CL': 2, 'size_CL': 17, 'kernel': 4, 'num_HL': 2, 'latent_dim': 9, 'opt_lr': 1.0026162480011467e-05, 'opt_wd': 5.7761802074262166e-06}"
976978,044cff2e,0.7333872707659115,"{'batch_size': 64, 'num_CL': 4, 'size_CL': 18, 'kernel': 3, 'num_HL': 2, 'latent_dim': 8, 'opt_lr': 2.5853024286831018e-05, 'opt_wd': 4.590277197402202e-06}"
979751,e07a6c29,0.7184466019417476,"{'batch_size': 64, 'num_CL': 4, 'size_CL': 19, 'kernel': 4, 'num_HL': 2, 'latent_dim': 6, 'opt_lr': 0.0002263191125502047, 'opt_wd': 3.852188739458824e-06}"
981455,b0b854b0,0.7165587918015103,"{'batch_size': 128, 'num_CL': 4, 'size_CL': 21, 'kernel': 4, 'num_HL': 2, 'latent_dim': 7, 'opt_lr': 1.5412115448034864e-05, 'opt_wd': 4.871974044067281e-06}"
983344,80fa313e,0.6707119741100324,"{'batch_size': 128, 'num_CL': 3, 'size_CL': 10, 'kernel': 2, 'num_HL': 2, 'latent_dim': 4, 'opt_lr': 1.2738733547743692e-05, 'opt_wd': 5.195514475184939e-06}"
983800,acc6f206,0.7302049622437973,"{'batch_size': 64, 'num_CL': 4, 'size_CL': 24, 'kernel': 4, 'num_HL': 2, 'latent_dim': 9, 'opt_lr': 5.704177913034728e-05, 'opt_wd': 4.263439513875247e-06}"
984356,95b72405,0.5658036677454154,"{'batch_size': 64, 'num_CL': 4, 'size_CL': 32, 'kernel': 2, 'num_HL': 2, 'latent_dim': 8, 'opt_lr': 0.00013833508753237532, 'opt_wd': 6.5551539337839874e-06}"
991027,1824f7c3,0.4180151024811219,"{'batch_size': 128, 'num_CL': 4, 'size_CL': 20, 'kernel': 4, 'num_HL': 3, 'latent_dim': 8, 'opt_lr': 1.4209834200559037e-05, 'opt_wd': 6.801615066007056e-06}"
991297,46bd840b,0.16666666666666669,"{'batch_size': 128, 'num_CL': 4, 'size_CL': 21, 'kernel': 4, 'num_HL': 3, 'latent_dim': 8, 'opt_lr': 1.2754975589128271e-05, 'opt_wd': 7.297983879826589e-06}"
993072,a28b9892,0.7480043149946062,"{'batch_size': 128, 'num_CL': 4, 'size_CL': 20, 'kernel': 4, 'num_HL': 3, 'latent_dim': 8, 'opt_lr': 1.706212159859648e-05, 'opt_wd': 7.460748494496634e-06}"
994349,2a2c50de,0.7351672060409925,"{'batch_size': 128, 'num_CL': 4, 'size_CL': 22, 'kernel': 4, 'num_HL': 3, 'latent_dim': 8, 'opt_lr': 1.647856560522576e-05, 'opt_wd': 7.147058218351132e-06}"
999937,05265730,0.16666666666666669,"{'batch_size': 128, 'num_CL': 4, 'size_CL': 20, 'kernel': 4, 'num_HL': 3, 'latent_dim': 8, 'opt_lr': 1.4987640876842908e-05, 'opt_wd': 7.868418804064118e-06}"
1007178,21271b73,0.7308522114347357,"{'batch_size': 128, 'num_CL': 4, 'size_CL': 19, 'kernel': 4, 'num_HL': 3, 'latent_dim': 7, 'opt_lr': 1.1199291660139607e-05, 'opt_wd': 6.99984136245272e-06}"
1012183,207bee9e,0.751294498381877,"{'batch_size': 128, 'num_CL': 4, 'size_CL': 22, 'kernel': 4, 'num_HL': 3, 'latent_dim': 8, 'opt_lr': 1.349480599680296e-05, 'opt_wd': 6.979944907435027e-06}"
1014491,25e2425c,0.43096008629989213,"{'batch_size': 128, 'num_CL': 4, 'size_CL': 23, 'kernel': 4, 'num_HL': 3, 'latent_dim': 8, 'opt_lr': 1.877880076497641e-05, 'opt_wd': 8.1745796959187e-06}"
1015830,f9279fc4,0.7145631067961165,"{'batch_size': 128, 'num_CL': 4, 'size_CL': 18, 'kernel': 4, 'num_HL': 3, 'latent_dim': 9, 'opt_lr': 1.0591283394388088e-05, 'opt_wd': 7.427827187118687e-06}"
1018363,8a5c49c1,0.7141316073354909,"{'batch_size': 128, 'num_CL': 4, 'size_CL': 19, 'kernel': 4, 'num_HL': 3, 'latent_dim': 8, 'opt_lr': 2.0189885510661358e-05, 'opt_wd': 7.644306868344768e-06}"
1018812,959361fa,0.16666666666666669,"{'batch_size': 128, 'num_CL': 4, 'size_CL': 21, 'kernel': 4, 'num_HL': 3, 'latent_dim': 7, 'opt_lr': 1.2897823048102723e-05, 'opt_wd': 6.333697626084423e-06}"
1020765,e48e617d,0.7369471413160733,"{'batch_size': 128, 'num_CL': 4, 'size_CL': 21, 'kernel': 4, 'num_HL': 3, 'latent_dim': 7, 'opt_lr': 1.1688583333912989e-05, 'opt_wd': 7.299574630634138e-06}"
1021163,f6b4b0dd,0.5813915857605179,"{'batch_size': 128, 'num_CL': 4, 'size_CL': 17, 'kernel': 4, 'num_HL': 3, 'latent_dim': 9, 'opt_lr': 1.5783299793223596e-05, 'opt_wd': 7.1902311750911555e-06}"
1022044,cc300225,0.5118662351672061,"{'batch_size': 128, 'num_CL': 4, 'size_CL': 19, 'kernel': 4, 'num_HL': 3, 'latent_dim': 8, 'opt_lr': 1.1953393489511203e-05, 'opt_wd': 7.613618454361013e-06}"
1025693,60247611,0.16666666666666669,"{'batch_size': 128, 'num_CL': 4, 'size_CL': 22, 'kernel': 4, 'num_HL': 3, 'latent_dim': 9, 'opt_lr': 1.0737944558477467e-05, 'opt_wd': 5.974977133976423e-06}"
1027408,de1bf154,0.16666666666666669,"{'batch_size': 128, 'num_CL': 4, 'size_CL': 18, 'kernel': 4, 'num_HL': 3, 'latent_dim': 8, 'opt_lr': 2.239947245945349e-05, 'opt_wd': 6.574142167093776e-06}"
1028615,6bf57fc0,0.16666666666666669,"{'batch_size': 128, 'num_CL': 4, 'size_CL': 23, 'kernel': 4, 'num_HL': 3, 'latent_dim': 7, 'opt_lr': 2.7778489363680838e-05, 'opt_wd': 8.073961339882788e-06}"
1029791,a7300366,0.16666666666666669,"{'batch_size': 128, 'num_CL': 4, 'size_CL': 21, 'kernel': 4, 'num_HL': 4, 'latent_dim': 9, 'opt_lr': 1.008691088269367e-05, 'opt_wd': 8.360461372558068e-06}"
1031638,672d1e1c,0.6049622437971953,"{'batch_size': 128, 'num_CL': 4, 'size_CL': 19, 'kernel': 4, 'num_HL': 2, 'latent_dim': 8, 'opt_lr': 1.9291967619151785e-05, 'opt_wd': 5.629565458055537e-06}"
1037268,acc14f6d,0.7647788565264293,"{'batch_size': 128, 'num_CL': 4, 'size_CL': 20, 'kernel': 4, 'num_HL': 2, 'latent_dim': 8, 'opt_lr': 1.2543985871722739e-05, 'opt_wd': 7.808683433604726e-06}"
1037859,fa02ac8a,0.16666666666666669,"{'batch_size': 128, 'num_CL': 4, 'size_CL': 18, 'kernel': 4, 'num_HL': 4, 'latent_dim': 8, 'opt_lr': 2.3768415937270158e-05, 'opt_wd': 6.190476898441474e-06}"
1041766,e50adddc,0.7516181229773462,"{'batch_size': 128, 'num_CL': 4, 'size_CL': 20, 'kernel': 4, 'num_HL': 3, 'latent_dim': 9, 'opt_lr': 1.7128611363003553e-05, 'opt_wd': 6.6993251147305445e-06}"
1043526,ed68a370,0.5433656957928803,"{'batch_size': 128, 'num_CL': 4, 'size_CL': 20, 'kernel': 4, 'num_HL': 2, 'latent_dim': 8, 'opt_lr': 1.3495932110164822e-05, 'opt_wd': 7.842156794952875e-06}"
1044838,96950b7c,0.7480582524271845,"{'batch_size': 128, 'num_CL': 4, 'size_CL': 16, 'kernel': 4, 'num_HL': 2, 'latent_dim': 9, 'opt_lr': 1.1562827694987929e-05, 'opt_wd': 5.354432563158161e-06}"
1046388,412b4039,0.7362998921251348,"{'batch_size': 128, 'num_CL': 4, 'size_CL': 22, 'kernel': 4, 'num_HL': 3, 'latent_dim': 9, 'opt_lr': 1.4579292634343758e-05, 'opt_wd': 7.086807897942458e-06}"
1047287,d3eced66,0.5393743257820928,"{'batch_size': 128, 'num_CL': 4, 'size_CL': 21, 'kernel': 4, 'num_HL': 2, 'latent_dim': 7, 'opt_lr': 1.0712363406149022e-05, 'opt_wd': 8.483792962088e-06}"
1049260,a671734a,0.5,"{'batch_size': 128, 'num_CL': 4, 'size_CL': 23, 'kernel': 4, 'num_HL': 2, 'latent_dim': 9, 'opt_lr': 2.0882755218903566e-05, 'opt_wd': 8.079405290774782e-06}"
1050133,15b0e0ae,0.738673139158576,"{'batch_size': 128, 'num_CL': 4, 'size_CL': 17, 'kernel': 4, 'num_HL': 2, 'latent_dim': 9, 'opt_lr': 1.2718335270286969e-05, 'opt_wd': 8.82855819286678e-06}"
1051897,b7d874ed,0.5032362459546925,"{'batch_size': 128, 'num_CL': 4, 'size_CL': 18, 'kernel': 4, 'num_HL': 2, 'latent_dim': 9, 'opt_lr': 1.0175758262828854e-05, 'opt_wd': 6.825726747263321e-06}"
1052742,d9b0a87d,0.4924487594390507,"{'batch_size': 128, 'num_CL': 4, 'size_CL': 22, 'kernel': 4, 'num_HL': 2, 'latent_dim': 8, 'opt_lr': 1.530040950668784e-05, 'opt_wd': 9.146415968309441e-06}"
1055642,65b3918a,0.5703883495145631,"{'batch_size': 128, 'num_CL': 4, 'size_CL': 20, 'kernel': 4, 'num_HL': 2, 'latent_dim': 8, 'opt_lr': 1.6818982822883333e-05, 'opt_wd': 7.570923619298267e-06}"
1056196,e90cb702,0.7423408845738944,"{'batch_size': 128, 'num_CL': 4, 'size_CL': 19, 'kernel': 4, 'num_HL': 2, 'latent_dim': 8, 'opt_lr': 1.2492423587579226e-05, 'opt_wd': 7.361175800546097e-06}"
1057113,c0fabe9e,0.7626752966558792,"{'batch_size': 128, 'num_CL': 4, 'size_CL': 24, 'kernel': 4, 'num_HL': 2, 'latent_dim': 9, 'opt_lr': 1.1586045999475693e-05, 'opt_wd': 9.388277103524978e-06}"
1057114,4cb7c6b2,0.45685005393743255,"{'batch_size': 128, 'num_CL': 4, 'size_CL': 17, 'kernel': 4, 'num_HL': 2, 'latent_dim': 7, 'opt_lr': 1.460051789749058e-05, 'opt_wd': 5.108714874385653e-06}"
1058217,b58fafb6,0.4886731391585761,"{'batch_size': 128, 'num_CL': 4, 'size_CL': 21, 'kernel': 4, 'num_HL': 2, 'latent_dim': 9, 'opt_lr': 1.020914510386292e-05, 'opt_wd': 5.932252905627522e-06}"
1062130,9144479c,0.6116504854368932,"{'batch_size': 128, 'num_CL': 4, 'size_CL': 25, 'kernel': 4, 'num_HL': 2, 'latent_dim': 9, 'opt_lr': 0.00029724473669832995, 'opt_wd': 6.444951819077001e-06}"
1062470,5d07f1f2,0.1725997842502697,"{'batch_size': 64, 'num_CL': 4, 'size_CL': 19, 'kernel': 4, 'num_HL': 2, 'latent_dim': 7, 'opt_lr': 1.8253965415918493e-05, 'opt_wd': 4.783389142440263e-06}"
1063133,00ca87d5,0.7322545846817692,"{'batch_size': 128, 'num_CL': 4, 'size_CL': 20, 'kernel': 4, 'num_HL': 2, 'latent_dim': 8, 'opt_lr': 1.0049161800482878e-05, 'opt_wd': 5.556160764240692e-06}"
1064064,cb0bfe20,0.7186623516720604,"{'batch_size': 128, 'num_CL': 4, 'size_CL': 18, 'kernel': 4, 'num_HL': 2, 'latent_dim': 9, 'opt_lr': 0.0002087771535763743, 'opt_wd': 8.704016043843144e-06}"
1067603,ba4f23db,0.18824163969795038,"{'batch_size': 64, 'num_CL': 4, 'size_CL': 16, 'kernel': 4, 'num_HL': 2, 'latent_dim': 9, 'opt_lr': 1.1019726692469765e-05, 'opt_wd': 5.295456873358789e-06}"
1067819,1f073881,0.749730312837109,"{'batch_size': 64, 'num_CL': 4, 'size_CL': 23, 'kernel': 4, 'num_HL': 2, 'latent_dim': 5, 'opt_lr': 1.3094820171962979e-05, 'opt_wd': 8.208831981300329e-06}"
1068485,8af2dce1,0.6961704422869471,"{'batch_size': 64, 'num_CL': 4, 'size_CL': 18, 'kernel': 4, 'num_HL': 2, 'latent_dim': 7, 'opt_lr': 0.0003405220078424009, 'opt_wd': 6.7226942296999365e-06}"
1069358,b3065786,0.7293959007551241,"{'batch_size': 128, 'num_CL': 4, 'size_CL': 21, 'kernel': 4, 'num_HL': 2, 'latent_dim': 8, 'opt_lr': 0.00023822148996260382, 'opt_wd': 7.1811855428917625e-06}"
1071546,eee2af9b,0.7512405609492989,"{'batch_size': 64, 'num_CL': 4, 'size_CL': 22, 'kernel': 4, 'num_HL': 2, 'latent_dim': 8, 'opt_lr': 1.002942618252887e-05, 'opt_wd': 7.90431419453681e-06}"
1073725,99bad26b,0.6058791801510248,"{'batch_size': 64, 'num_CL': 4, 'size_CL': 19, 'kernel': 4, 'num_HL': 2, 'latent_dim': 9, 'opt_lr': 0.0001665472589209159, 'opt_wd': 5.734453831342013e-06}"
1074637,12d1c51f,0.610086299892125,"{'batch_size': 128, 'num_CL': 4, 'size_CL': 24, 'kernel': 4, 'num_HL': 2, 'latent_dim': 9, 'opt_lr': 0.0002603856850397388, 'opt_wd': 6.968987635182403e-06}"
1074830,daaa80c3,0.768824163969795,"{'batch_size': 64, 'num_CL': 4, 'size_CL': 20, 'kernel': 2, 'num_HL': 2, 'latent_dim': 9, 'opt_lr': 0.00019012039703260105, 'opt_wd': 6.291719638699598e-06}"
1078462,adf0d4b6,0.7213592233009708,"{'batch_size': 64, 'num_CL': 4, 'size_CL': 15, 'kernel': 4, 'num_HL': 2, 'latent_dim': 8, 'opt_lr': 1.2070614383539845e-05, 'opt_wd': 4.944950042869419e-06}"
1079583,f552ff40,0.16666666666666669,"{'batch_size': 64, 'num_CL': 4, 'size_CL': 17, 'kernel': 4, 'num_HL': 2, 'latent_dim': 8, 'opt_lr': 1.4020385015961614e-05, 'opt_wd': 8.260462956502509e-06}"
1080490,c007a40c,0.7322006472491911,"{'batch_size': 64, 'num_CL': 4, 'size_CL': 19, 'kernel': 2, 'num_HL': 2, 'latent_dim': 9, 'opt_lr': 0.0001886867900232562, 'opt_wd': 6.390204707287677e-06}"
1083109,004d9d09,0.7432578209277239,"{'batch_size': 64, 'num_CL': 4, 'size_CL': 22, 'kernel': 2, 'num_HL': 2, 'latent_dim': 7, 'opt_lr': 1.5844285928705147e-05, 'opt_wd': 6.076626746564234e-06}"
1084201,ce6c7c7e,0.16666666666666669,"{'batch_size': 64, 'num_CL': 4, 'size_CL': 20, 'kernel': 2, 'num_HL': 2, 'latent_dim': 9, 'opt_lr': 0.0001198773490598684, 'opt_wd': 6.664444091119826e-06}"
1084247,19192e8d,0.6857605177993527,"{'batch_size': 128, 'num_CL': 4, 'size_CL': 23, 'kernel': 4, 'num_HL': 2, 'latent_dim': 5, 'opt_lr': 2.0738934738436122e-05, 'opt_wd': 7.507039364539317e-06}"
1084766,e4277f45,0.16666666666666669,"{'batch_size': 64, 'num_CL': 4, 'size_CL': 16, 'kernel': 2, 'num_HL': 2, 'latent_dim': 9, 'opt_lr': 0.0001547856374828633, 'opt_wd': 6.227257016168329e-06}"
1085697,f171a0e5,0.16666666666666669,"{'batch_size': 64, 'num_CL': 4, 'size_CL': 18, 'kernel': 2, 'num_HL': 2, 'latent_dim': 9, 'opt_lr': 0.00020498050835920256, 'opt_wd': 6.8768792861337675e-06}"
1088536,1cac4c8c,0.7287486515641854,"{'batch_size': 64, 'num_CL': 4, 'size_CL': 17, 'kernel': 2, 'num_HL': 2, 'latent_dim': 9, 'opt_lr': 0.00018577888226094678, 'opt_wd': 7.172079754499995e-06}"
1089380,e4c69d92,0.16666666666666669,"{'batch_size': 64, 'num_CL': 4, 'size_CL': 14, 'kernel': 2, 'num_HL': 2, 'latent_dim': 9, 'opt_lr': 0.0001698185757654139, 'opt_wd': 7.684273285537376e-06}"
1089726,618ad657,0.7211974110032362,"{'batch_size': 64, 'num_CL': 4, 'size_CL': 20, 'kernel': 2, 'num_HL': 2, 'latent_dim': 9, 'opt_lr': 0.0001297972429488862, 'opt_wd': 7.0208401706851095e-06}"
1090383,6e8ae5e2,0.7439050701186624,"{'batch_size': 64, 'num_CL': 4, 'size_CL': 19, 'kernel': 2, 'num_HL': 2, 'latent_dim': 9, 'opt_lr': 0.00014471886505606024, 'opt_wd': 6.557342947856242e-06}"
1090643,b1d395dd,0.7223300970873787,"{'batch_size': 64, 'num_CL': 4, 'size_CL': 17, 'kernel': 2, 'num_HL': 2, 'latent_dim': 9, 'opt_lr': 0.00021918246887126506, 'opt_wd': 6.293016696730138e-06}"
1094433,ae925778,0.16666666666666669,"{'batch_size': 64, 'num_CL': 4, 'size_CL': 21, 'kernel': 2, 'num_HL': 2, 'latent_dim': 9, 'opt_lr': 0.000247776026855719, 'opt_wd': 7.372243055987278e-06}"
1095206,86482749,0.16666666666666669,"{'batch_size': 64, 'num_CL': 4, 'size_CL': 15, 'kernel': 2, 'num_HL': 2, 'latent_dim': 8, 'opt_lr': 0.0001590907636605421, 'opt_wd': 6.053119720255953e-06}"
1095250,3f9d86f8,0.16666666666666669,"{'batch_size': 64, 'num_CL': 4, 'size_CL': 22, 'kernel': 2, 'num_HL': 2, 'latent_dim': 9, 'opt_lr': 0.00030768827659311866, 'opt_wd': 6.776259132559483e-06}"
1095510,ada698e5,0.7151024811218986,"{'batch_size': 64, 'num_CL': 4, 'size_CL': 18, 'kernel': 2, 'num_HL': 2, 'latent_dim': 9, 'opt_lr': 0.0002753743202656857, 'opt_wd': 7.821540492535943e-06}"
1096770,d9635821,0.7278317152103561,"{'batch_size': 64, 'num_CL': 4, 'size_CL': 21, 'kernel': 2, 'num_HL': 2, 'latent_dim': 8, 'opt_lr': 0.00011058107687612935, 'opt_wd': 5.867764118246566e-06}"
1100139,2745561f,0.7096008629989213,"{'batch_size': 64, 'num_CL': 4, 'size_CL': 24, 'kernel': 2, 'num_HL': 2, 'latent_dim': 9, 'opt_lr': 0.0003653609465184236, 'opt_wd': 7.121185543678918e-06}"
1100448,d7610fb9,0.6926645091693635,"{'batch_size': 64, 'num_CL': 4, 'size_CL': 19, 'kernel': 2, 'num_HL': 2, 'latent_dim': 9, 'opt_lr': 9.946826106251222e-05, 'opt_wd': 6.53111076337079e-06}"
1100562,622360c7,0.16666666666666669,"{'batch_size': 64, 'num_CL': 2, 'size_CL': 16, 'kernel': 2, 'num_HL': 2, 'latent_dim': 9, 'opt_lr': 0.00023006291577089226, 'opt_wd': 9.61247788518084e-06}"
1101036,91b2cb4f,0.16666666666666669,"{'batch_size': 64, 'num_CL': 4, 'size_CL': 20, 'kernel': 2, 'num_HL': 2, 'latent_dim': 8, 'opt_lr': 0.00019982063190017207, 'opt_wd': 7.3236597808227825e-06}"
1102662,e0c5140d,0.7532901833872707,"{'batch_size': 64, 'num_CL': 4, 'size_CL': 20, 'kernel': 2, 'num_HL': 2, 'latent_dim': 8, 'opt_lr': 0.00017657508116657397, 'opt_wd': 8.033444071460104e-06}"
1104932,ff27b354,0.6351672060409924,"{'batch_size': 64, 'num_CL': 4, 'size_CL': 15, 'kernel': 2, 'num_HL': 2, 'latent_dim': 9, 'opt_lr': 0.0004499108517921708, 'opt_wd': 6.2527223622796715e-06}"
1106364,5f5221ef,0.16666666666666669,"{'batch_size': 64, 'num_CL': 4, 'size_CL': 18, 'kernel': 2, 'num_HL': 2, 'latent_dim': 8, 'opt_lr': 0.0003248891312871129, 'opt_wd': 5.7843112918946856e-06}"
1106405,369152ff,0.7414239482200646,"{'batch_size': 64, 'num_CL': 4, 'size_CL': 23, 'kernel': 2, 'num_HL': 2, 'latent_dim': 8, 'opt_lr': 0.0001373755038463758, 'opt_wd': 8.438443025420092e-06}"
1106445,34b9bf13,0.16666666666666669,"{'batch_size': 64, 'num_CL': 4, 'size_CL': 22, 'kernel': 2, 'num_HL': 2, 'latent_dim': 9, 'opt_lr': 9.184468896638611e-05, 'opt_wd': 7.596281418741297e-06}"
1108254,98ed994e,0.16666666666666669,"{'batch_size': 64, 'num_CL': 4, 'size_CL': 17, 'kernel': 2, 'num_HL': 2, 'latent_dim': 9, 'opt_lr': 0.0001187630479270429, 'opt_wd': 6.735775441910771e-06}"
1110672,b02b7071,0.16666666666666669,"{'batch_size': 64, 'num_CL': 3, 'size_CL': 19, 'kernel': 2, 'num_HL': 2, 'latent_dim': 8, 'opt_lr': 0.0002886664056994644, 'opt_wd': 5.544544248633334e-06}"
1111992,7735c6cb,0.16666666666666669,"{'batch_size': 64, 'num_CL': 4, 'size_CL': 13, 'kernel': 2, 'num_HL': 2, 'latent_dim': 9, 'opt_lr': 0.00026428315136999453, 'opt_wd': 6.945634655115439e-06}"
1112652,2f91e2c7,0.16666666666666669,"{'batch_size': 64, 'num_CL': 4, 'size_CL': 21, 'kernel': 2, 'num_HL': 2, 'latent_dim': 8, 'opt_lr': 0.00014877118347195704, 'opt_wd': 8.95859848667706e-06}"
1112699,d431f285,0.16666666666666669,"{'batch_size': 64, 'num_CL': 4, 'size_CL': 25, 'kernel': 2, 'num_HL': 2, 'latent_dim': 9, 'opt_lr': 8.10963726148649e-05, 'opt_wd': 7.433097694990536e-06}"
1114141,3e285a6a,0.16666666666666669,"{'batch_size': 64, 'num_CL': 4, 'size_CL': 20, 'kernel': 2, 'num_HL': 2, 'latent_dim': 8, 'opt_lr': 0.00019384147940618786, 'opt_wd': 5.996505508622572e-06}"
1115952,20a2bc00,0.7480043149946064,"{'batch_size': 64, 'num_CL': 4, 'size_CL': 16, 'kernel': 2, 'num_HL': 2, 'latent_dim': 9, 'opt_lr': 0.00024064704717581501, 'opt_wd': 6.425736770774799e-06}"
1118264,b6125b82,0.16666666666666669,"{'batch_size': 64, 'num_CL': 4, 'size_CL': 18, 'kernel': 2, 'num_HL': 2, 'latent_dim': 9, 'opt_lr': 0.00021270709357507333, 'opt_wd': 9.317133649972573e-06}"
1119595,476fc6ea,0.16666666666666669,"{'batch_size': 64, 'num_CL': 4, 'size_CL': 26, 'kernel': 2, 'num_HL': 2, 'latent_dim': 8, 'opt_lr': 0.00015141246350635216, 'opt_wd': 8.69570472908552e-06}"
1119795,33211c84,0.7268608414239481,"{'batch_size': 64, 'num_CL': 4, 'size_CL': 23, 'kernel': 2, 'num_HL': 2, 'latent_dim': 9, 'opt_lr': 0.00017421840855199165, 'opt_wd': 7.866083351129135e-06}"
1121155,f07219a5,0.7290183387270766,"{'batch_size': 64, 'num_CL': 4, 'size_CL': 19, 'kernel': 2, 'num_HL': 2, 'latent_dim': 8, 'opt_lr': 0.00030288584897932957, 'opt_wd': 6.157563915244537e-06}"
1121462,e216b4f0,0.16666666666666669,"{'batch_size': 64, 'num_CL': 4, 'size_CL': 22, 'kernel': 2, 'num_HL': 2, 'latent_dim': 9, 'opt_lr': 0.00012542313327999522, 'opt_wd': 7.235059849416661e-06}"
1124638,fef594c0,0.16666666666666669,"{'batch_size': 64, 'num_CL': 4, 'size_CL': 21, 'kernel': 2, 'num_HL': 2, 'latent_dim': 9, 'opt_lr': 0.00040794791145323757, 'opt_wd': 8.435277255204994e-06}"
1124775,534a0c96,0.7374325782092772,"{'batch_size': 64, 'num_CL': 4, 'size_CL': 27, 'kernel': 2, 'num_HL': 2, 'latent_dim': 8, 'opt_lr': 0.0003391925504870251, 'opt_wd': 7.727327105718724e-06}"
1124952,37d7865d,0.7098166127292341,"{'batch_size': 64, 'num_CL': 4, 'size_CL': 17, 'kernel': 2, 'num_HL': 2, 'latent_dim': 8, 'opt_lr': 0.0005015216715302399, 'opt_wd': 5.714555853875705e-06}"
1125453,9db418e6,0.6121898597626753,"{'batch_size': 64, 'num_CL': 4, 'size_CL': 20, 'kernel': 2, 'num_HL': 2, 'latent_dim': 9, 'opt_lr': 0.00023212241884829911, 'opt_wd': 6.718852620806563e-06}"
1126925,4defa534,0.16666666666666669,"{'batch_size': 64, 'num_CL': 3, 'size_CL': 16, 'kernel': 2, 'num_HL': 2, 'latent_dim': 9, 'opt_lr': 0.0005521520014040392, 'opt_wd': 6.923762006297508e-06}"
1130736,21ced657,0.733495145631068,"{'batch_size': 64, 'num_CL': 4, 'size_CL': 6, 'kernel': 3, 'num_HL': 2, 'latent_dim': 8, 'opt_lr': 0.0003728365121006387, 'opt_wd': 9.836265380050565e-06}"
1130937,06c84969,0.7281553398058251,"{'batch_size': 64, 'num_CL': 2, 'size_CL': 24, 'kernel': 2, 'num_HL': 2, 'latent_dim': 7, 'opt_lr': 0.00010428817510462408, 'opt_wd': 5.395669846368816e-06}"
1131409,342077d9,0.16666666666666669,"{'batch_size': 64, 'num_CL': 4, 'size_CL': 18, 'kernel': 2, 'num_HL': 2, 'latent_dim': 8, 'opt_lr': 6.234660341513095e-05, 'opt_wd': 6.535461290019365e-06}"
1131593,50fb3274,0.7368392664509169,"{'batch_size': 64, 'num_CL': 4, 'size_CL': 23, 'kernel': 2, 'num_HL': 2, 'latent_dim': 9, 'opt_lr': 0.000186365059139849, 'opt_wd': 7.521196983989886e-06}"
1131594,d6c973f5,0.7200107874865156,"{'batch_size': 64, 'num_CL': 4, 'size_CL': 25, 'kernel': 2, 'num_HL': 2, 'latent_dim': 9, 'opt_lr': 0.00016687876115454222, 'opt_wd': 8.163342239928732e-06}"
1135264,b787b094,0.7423408845738944,"{'batch_size': 64, 'num_CL': 4, 'size_CL': 20, 'kernel': 2, 'num_HL': 2, 'latent_dim': 7, 'opt_lr': 0.00027168225211409396, 'opt_wd': 5.886601571333226e-06}"
1136529,5306b8cf,0.16666666666666669,"{'batch_size': 64, 'num_CL': 4, 'size_CL': 22, 'kernel': 2, 'num_HL': 2, 'latent_dim': 9, 'opt_lr': 0.00013625897973510025, 'opt_wd': 7.093427279201954e-06}"
1136725,4476d6bf,0.7401294498381877,"{'batch_size': 64, 'num_CL': 4, 'size_CL': 14, 'kernel': 3, 'num_HL': 2, 'latent_dim': 8, 'opt_lr': 0.00025393872124950223, 'opt_wd': 9.127066503229052e-06}"
1136769,b03030b2,0.7324163969795037,"{'batch_size': 64, 'num_CL': 4, 'size_CL': 21, 'kernel': 2, 'num_HL': 2, 'latent_dim': 8, 'opt_lr': 0.00021270595775672228, 'opt_wd': 7.97152328803545e-06}"
1137407,8665ab55,0.16666666666666669,"{'batch_size': 64, 'num_CL': 4, 'size_CL': 19, 'kernel': 2, 'num_HL': 2, 'latent_dim': 9, 'opt_lr': 0.0001552212846245117, 'opt_wd': 6.344932684485753e-06}"
1141324,66b8e70f,0.7348435814455232,"{'batch_size': 64, 'num_CL': 4, 'size_CL': 17, 'kernel': 2, 'num_HL': 2, 'latent_dim': 9, 'opt_lr': 0.0001292856257693031, 'opt_wd': 6.120216401446785e-06}"
1142655,048721d4,0.7148327939590076,"{'batch_size': 64, 'num_CL': 4, 'size_CL': 18, 'kernel': 2, 'num_HL': 2, 'latent_dim': 7, 'opt_lr': 0.00011025108274974606, 'opt_wd': 8.582748382703424e-06}"
1142874,3d90e694,0.7242718446601942,"{'batch_size': 64, 'num_CL': 4, 'size_CL': 15, 'kernel': 3, 'num_HL': 2, 'latent_dim': 9, 'opt_lr': 6.772705645390829e-05, 'opt_wd': 5.1446530591276675e-06}"
1142883,e1b6767b,0.16666666666666669,"{'batch_size': 64, 'num_CL': 4, 'size_CL': 22, 'kernel': 2, 'num_HL': 2, 'latent_dim': 8, 'opt_lr': 0.0002020861003782935, 'opt_wd': 5.534260952497617e-06}"
1143819,9ec78884,0.743042071197411,"{'batch_size': 64, 'num_CL': 3, 'size_CL': 24, 'kernel': 2, 'num_HL': 2, 'latent_dim': 9, 'opt_lr': 9.308713390325356e-05, 'opt_wd': 7.303356977863427e-06}"
1147731,beeb563f,0.16666666666666669,"{'batch_size': 64, 'num_CL': 4, 'size_CL': 21, 'kernel': 2, 'num_HL': 2, 'latent_dim': 8, 'opt_lr': 0.0003135670619278045, 'opt_wd': 6.543121499389876e-06}"
1148312,5b63f3c2,0.7247033441208198,"{'batch_size': 64, 'num_CL': 4, 'size_CL': 23, 'kernel': 2, 'num_HL': 2, 'latent_dim': 9, 'opt_lr': 0.00028562291957741776, 'opt_wd': 8.885658703684692e-06}"
1149523,47a46396,0.7487594390507011,"{'batch_size': 64, 'num_CL': 4, 'size_CL': 20, 'kernel': 2, 'num_HL': 2, 'latent_dim': 8, 'opt_lr': 0.0001590648020096477, 'opt_wd': 7.683699747093926e-06}"
1150941,6af5020a,0.16666666666666669,"{'batch_size': 64, 'num_CL': 4, 'size_CL': 26, 'kernel': 2, 'num_HL': 2, 'latent_dim': 9, 'opt_lr': 0.00017703558942957855, 'opt_wd': 6.9216674796168564e-06}"
1150982,dc28c144,0.5874865156418555,"{'batch_size': 64, 'num_CL': 4, 'size_CL': 19, 'kernel': 3, 'num_HL': 2, 'latent_dim': 7, 'opt_lr': 7.706360562642528e-05, 'opt_wd': 8.29973521827743e-06}"
1153500,0686ddb2,0.7,"{'batch_size': 64, 'num_CL': 4, 'size_CL': 25, 'kernel': 3, 'num_HL': 2, 'latent_dim': 8, 'opt_lr': 0.00023809537328179284, 'opt_wd': 9.489020730527355e-06}"
1154181,90b864e5,0.16666666666666669,"{'batch_size': 64, 'num_CL': 4, 'size_CL': 18, 'kernel': 2, 'num_HL': 2, 'latent_dim': 9, 'opt_lr': 0.00034469965562600353, 'opt_wd': 6.649730775627185e-06}"
1154820,f4aa70be,0.6380798274002157,"{'batch_size': 64, 'num_CL': 4, 'size_CL': 20, 'kernel': 3, 'num_HL': 2, 'latent_dim': 8, 'opt_lr': 0.00046095053113622795, 'opt_wd': 5.306400476032403e-06}"
1156636,da1fb25f,0.5043149946062567,"{'batch_size': 64, 'num_CL': 4, 'size_CL': 16, 'kernel': 2, 'num_HL': 2, 'latent_dim': 7, 'opt_lr': 0.00011991885374981643, 'opt_wd': 6.351571448456675e-06}"
1157044,2fd1bf2a,0.7567421790722761,"{'batch_size': 64, 'num_CL': 4, 'size_CL': 17, 'kernel': 2, 'num_HL': 2, 'latent_dim': 9, 'opt_lr': 8.477924522330538e-05, 'opt_wd': 5.809202364837623e-06}"
1159798,7f0b0904,0.16666666666666669,"{'batch_size': 64, 'num_CL': 4, 'size_CL': 19, 'kernel': 2, 'num_HL': 2, 'latent_dim': 9, 'opt_lr': 0.00014191202751593425, 'opt_wd': 7.392917373836498e-06}"
1161440,2f4ad2f2,0.7316073354908307,"{'batch_size': 64, 'num_CL': 3, 'size_CL': 21, 'kernel': 3, 'num_HL': 2, 'latent_dim': 9, 'opt_lr': 0.00021525030690858324, 'opt_wd': 5.616337775931482e-06}"
1164085,507593af,0.16666666666666669,"{'batch_size': 64, 'num_CL': 4, 'size_CL': 22, 'kernel': 2, 'num_HL': 2, 'latent_dim': 8, 'opt_lr': 0.00025827767536548414, 'opt_wd': 8.056425019570416e-06}"
1164654,e6c20925,0.7166127292340885,"{'batch_size': 64, 'num_CL': 4, 'size_CL': 23, 'kernel': 2, 'num_HL': 4, 'latent_dim': 8, 'opt_lr': 0.00019336701130063928, 'opt_wd': 5.938069747521042e-06}"
1164779,45db9c40,0.7266450916936354,"{'batch_size': 64, 'num_CL': 4, 'size_CL': 24, 'kernel': 2, 'num_HL': 2, 'latent_dim': 9, 'opt_lr': 0.00017889989553629594, 'opt_wd': 7.155670629281239e-06}"
1165577,8a2de266,0.716504854368932,"{'batch_size': 64, 'num_CL': 4, 'size_CL': 19, 'kernel': 3, 'num_HL': 2, 'latent_dim': 8, 'opt_lr': 0.0002343386542277327, 'opt_wd': 7.779867055632802e-06}"
1167324,32d7cc75,0.16666666666666669,"{'batch_size': 64, 'num_CL': 4, 'size_CL': 20, 'kernel': 2, 'num_HL': 2, 'latent_dim': 9, 'opt_lr': 0.00042113008482974135, 'opt_wd': 6.173243536493754e-06}"
1167713,e1a55765,0.7119741100323624,"{'batch_size': 64, 'num_CL': 4, 'size_CL': 15, 'kernel': 2, 'num_HL': 2, 'latent_dim': 8, 'opt_lr': 0.00037835133396167794, 'opt_wd': 9.983094414600222e-06}"
1170281,aed03e11,0.16666666666666669,"{'batch_size': 64, 'num_CL': 4, 'size_CL': 21, 'kernel': 3, 'num_HL': 2, 'latent_dim': 7, 'opt_lr': 0.00029626626141076, 'opt_wd': 5.14056226308243e-06}"
1170297,7e29a6e1,0.7254045307443364,"{'batch_size': 64, 'num_CL': 4, 'size_CL': 17, 'kernel': 2, 'num_HL': 2, 'latent_dim': 9, 'opt_lr': 0.00011330591002651515, 'opt_wd': 6.810600335532081e-06}"
1170901,d1949222,0.7166127292340885,"{'batch_size': 64, 'num_CL': 2, 'size_CL': 16, 'kernel': 2, 'num_HL': 2, 'latent_dim': 9, 'opt_lr': 0.00014305723965544602, 'opt_wd': 8.768857394739767e-06}"
1173371,8ca235cb,0.712135922330097,"{'batch_size': 64, 'num_CL': 4, 'size_CL': 22, 'kernel': 2, 'num_HL': 2, 'latent_dim': 8, 'opt_lr': 0.00016736619550387463, 'opt_wd': 7.474810124049563e-06}"
1173776,5c7c8506,0.6737864077669903,"{'batch_size': 64, 'num_CL': 4, 'size_CL': 18, 'kernel': 2, 'num_HL': 2, 'latent_dim': 9, 'opt_lr': 0.0001280467290539248, 'opt_wd': 5.487218353320305e-06}"
1174997,6ded8099,0.7317691477885653,"{'batch_size': 64, 'num_CL': 4, 'size_CL': 13, 'kernel': 2, 'num_HL': 2, 'latent_dim': 9, 'opt_lr': 0.00028022342613165326, 'opt_wd': 9.058453545440134e-06}"
1176663,37cf4db1,0.16666666666666669,"{'batch_size': 64, 'num_CL': 4, 'size_CL': 24, 'kernel': 3, 'num_HL': 2, 'latent_dim': 7, 'opt_lr': 0.00019246795678510385, 'opt_wd': 8.529660735217678e-06}"
1177594,0858fa33,0.16666666666666669,"{'batch_size': 64, 'num_CL': 4, 'size_CL': 21, 'kernel': 2, 'num_HL': 2, 'latent_dim': 8, 'opt_lr': 0.0004959705157380254, 'opt_wd': 6.47517178162541e-06}"
1179806,76182c3d,0.7057713052858683,"{'batch_size': 64, 'num_CL': 4, 'size_CL': 19, 'kernel': 3, 'num_HL': 2, 'latent_dim': 9, 'opt_lr': 0.00010079739481240849, 'opt_wd': 4.685116884080228e-06}"
1180474,49d5fc20,0.16666666666666669,"{'batch_size': 64, 'num_CL': 4, 'size_CL': 23, 'kernel': 2, 'num_HL': 2, 'latent_dim': 8, 'opt_lr': 0.00021882149935172808, 'opt_wd': 6.9563153088213685e-06}"
1180756,c75e7a32,0.7114886731391585,"{'batch_size': 64, 'num_CL': 4, 'size_CL': 22, 'kernel': 2, 'num_HL': 2, 'latent_dim': 7, 'opt_lr': 0.0005666973727863784, 'opt_wd': 5.940518230840626e-06}"
1181516,3c8bcd8f,0.6111650485436894,"{'batch_size': 64, 'num_CL': 3, 'size_CL': 18, 'kernel': 3, 'num_HL': 2, 'latent_dim': 9, 'opt_lr': 7.084595747035534e-05, 'opt_wd': 8.215735100971629e-06}"
1183987,90ea0259,0.6877562028047465,"{'batch_size': 64, 'num_CL': 4, 'size_CL': 20, 'kernel': 2, 'num_HL': 4, 'latent_dim': 8, 'opt_lr': 0.000325311249882066, 'opt_wd': 9.636957980518597e-06}"
1185782,10dbfb5e,0.16666666666666669,"{'batch_size': 64, 'num_CL': 4, 'size_CL': 17, 'kernel': 2, 'num_HL': 2, 'latent_dim': 9, 'opt_lr': 0.00024898907172958226, 'opt_wd': 7.1774684721118595e-06}"
1186099,09d89bac,0.16666666666666669,"{'batch_size': 64, 'num_CL': 4, 'size_CL': 14, 'kernel': 2, 'num_HL': 2, 'latent_dim': 9, 'opt_lr': 4.447179470239967e-05, 'opt_wd': 7.911854431667584e-06}"
1186720,d50329ab,0.7219525350593312,"{'batch_size': 64, 'num_CL': 4, 'size_CL': 19, 'kernel': 2, 'num_HL': 2, 'latent_dim': 8, 'opt_lr': 0.00020371803913869286, 'opt_wd': 6.139487542779906e-06}"
1189333,ea6bae61,0.6985976267529665,"{'batch_size': 64, 'num_CL': 4, 'size_CL': 25, 'kernel': 3, 'num_HL': 2, 'latent_dim': 9, 'opt_lr': 0.00015132376897332507, 'opt_wd': 7.628347154943744e-06}"
1190377,96d55c34,0.16666666666666669,"{'batch_size': 64, 'num_CL': 4, 'size_CL': 21, 'kernel': 2, 'num_HL': 2, 'latent_dim': 8, 'opt_lr': 8.785576662872474e-05, 'opt_wd': 5.653799923142056e-06}"
1191601,eb39a24c,0.7294498381877021,"{'batch_size': 64, 'num_CL': 4, 'size_CL': 16, 'kernel': 2, 'num_HL': 2, 'latent_dim': 8, 'opt_lr': 0.00022521968093257698, 'opt_wd': 6.362399357301936e-06}"
1192530,6f6881c5,0.16666666666666669,"{'batch_size': 64, 'num_CL': 4, 'size_CL': 27, 'kernel': 3, 'num_HL': 2, 'latent_dim': 9, 'opt_lr': 0.0003544690646834081, 'opt_wd': 6.785812398652653e-06}"
1193139,9557c531,0.5555555555555556,"{'batch_size': 64, 'num_CL': 4, 'size_CL': 18, 'kernel': 2, 'num_HL': 2, 'latent_dim': 2, 'opt_lr': 0.00016783370519705184, 'opt_wd': 8.369015164868163e-06}"
1197059,48647ff6,0.7003775620280475,"{'batch_size': 64, 'num_CL': 4, 'size_CL': 26, 'kernel': 2, 'num_HL': 2, 'latent_dim': 9, 'opt_lr': 0.0003958286137560254, 'opt_wd': 4.999322835459439e-06}"
1197185,f3182cdb,0.4325782092772384,"{'batch_size': 64, 'num_CL': 3, 'size_CL': 22, 'kernel': 2, 'num_HL': 2, 'latent_dim': 9, 'opt_lr': 4.969974475201424e-05, 'opt_wd': 6.647614191642295e-06}"
1197744,efebb6fe,0.7038295577130529,"{'batch_size': 64, 'num_CL': 4, 'size_CL': 20, 'kernel': 3, 'num_HL': 2, 'latent_dim': 7, 'opt_lr': 0.00011844966859524765, 'opt_wd': 4.539994718002025e-06}"
1198465,ec797e04,0.7263754045307445,"{'batch_size': 64, 'num_CL': 4, 'size_CL': 24, 'kernel': 2, 'num_HL': 2, 'latent_dim': 7, 'opt_lr': 0.0002566691863800913, 'opt_wd': 5.389585988109255e-06}"
1199782,4ba545d0,0.16666666666666669,"{'batch_size': 64, 'num_CL': 4, 'size_CL': 23, 'kernel': 3, 'num_HL': 2, 'latent_dim': 8, 'opt_lr': 0.0001386300612962786, 'opt_wd': 9.18228050911353e-06}"
1202482,35b2207b,0.16666666666666669,"{'batch_size': 64, 'num_CL': 2, 'size_CL': 15, 'kernel': 4, 'num_HL': 2, 'latent_dim': 8, 'opt_lr': 0.0002800915293373764, 'opt_wd': 7.450649597544443e-06}"
1203300,89947d14,0.5694714131607335,"{'batch_size': 64, 'num_CL': 4, 'size_CL': 21, 'kernel': 4, 'num_HL': 2, 'latent_dim': 9, 'opt_lr': 0.00030824340036376323, 'opt_wd': 8.687371278815353e-06}"
1203321,187e36f8,0.5393743257820928,"{'batch_size': 64, 'num_CL': 4, 'size_CL': 19, 'kernel': 2, 'num_HL': 2, 'latent_dim': 8, 'opt_lr': 0.00018193656823810867, 'opt_wd': 8.025365417211535e-06}"
1204579,5473fed1,0.7393203883495146,"{'batch_size': 64, 'num_CL': 4, 'size_CL': 17, 'kernel': 2, 'num_HL': 2, 'latent_dim': 9, 'opt_lr': 0.00010510279469372132, 'opt_wd': 7.018289893010478e-06}"
1205526,c964ce88,0.6542610571736786,"{'batch_size': 64, 'num_CL': 4, 'size_CL': 20, 'kernel': 4, 'num_HL': 2, 'latent_dim': 9, 'opt_lr': 0.0002009285968102697, 'opt_wd': 5.781203368702095e-06}"
1209175,a0e9decc,0.5447680690399137,"{'batch_size': 64, 'num_CL': 4, 'size_CL': 22, 'kernel': 2, 'num_HL': 2, 'latent_dim': 8, 'opt_lr': 0.00015783908854538666, 'opt_wd': 6.213457787409395e-06}"
1209971,c01f8574,0.16666666666666669,"{'batch_size': 64, 'num_CL': 4, 'size_CL': 19, 'kernel': 2, 'num_HL': 2, 'latent_dim': 9, 'opt_lr': 0.00013130651594656315, 'opt_wd': 7.29150934405327e-06}"
1211058,061addaf,0.16666666666666669,"{'batch_size': 64, 'num_CL': 4, 'size_CL': 23, 'kernel': 3, 'num_HL': 2, 'latent_dim': 8, 'opt_lr': 0.0004455600575256449, 'opt_wd': 5.294807846134895e-06}"
1212345,86c318c2,0.16666666666666669,"{'batch_size': 64, 'num_CL': 4, 'size_CL': 20, 'kernel': 2, 'num_HL': 2, 'latent_dim': 9, 'opt_lr': 0.00022229238360765537, 'opt_wd': 8.923170745859755e-06}"
1214090,cfddd35d,0.16666666666666669,"{'batch_size': 64, 'num_CL': 4, 'size_CL': 21, 'kernel': 4, 'num_HL': 4, 'latent_dim': 7, 'opt_lr': 0.0006142660265536286, 'opt_wd': 5.952370009321646e-06}"
1215516,77a52362,0.535059331175836,"{'batch_size': 64, 'num_CL': 4, 'size_CL': 18, 'kernel': 4, 'num_HL': 2, 'latent_dim': 9, 'opt_lr': 1.1074006752968259e-05, 'opt_wd': 7.73918612647519e-06}"
1216179,f916be9b,0.16666666666666669,"{'batch_size': 64, 'num_CL': 3, 'size_CL': 17, 'kernel': 2, 'num_HL': 2, 'latent_dim': 8, 'opt_lr': 0.00034626088613607, 'opt_wd': 6.521907261181593e-06}"
1217256,fc102421,0.16666666666666669,"{'batch_size': 64, 'num_CL': 4, 'size_CL': 19, 'kernel': 4, 'num_HL': 2, 'latent_dim': 7, 'opt_lr': 7.529971046035229e-05, 'opt_wd': 6.8677246953305315e-06}"
1220816,dd2f4702,0.7495685005393744,"{'batch_size': 64, 'num_CL': 4, 'size_CL': 23, 'kernel': 3, 'num_HL': 2, 'latent_dim': 9, 'opt_lr': 0.00017476112349746673, 'opt_wd': 7.093265684837349e-06}"
1221416,982bfb8f,0.16666666666666669,"{'batch_size': 64, 'num_CL': 4, 'size_CL': 8, 'kernel': 3, 'num_HL': 2, 'latent_dim': 8, 'opt_lr': 0.000254166610546881, 'opt_wd': 9.341336296535833e-06}"
1221455,a5fb1e77,0.16666666666666669,"{'batch_size': 64, 'num_CL': 4, 'size_CL': 18, 'kernel': 4, 'num_HL': 2, 'latent_dim': 8, 'opt_lr': 0.0007214383470757996, 'opt_wd': 8.541790673582312e-06}"
1225509,67b81040,0.7529665587918015,"{'batch_size': 64, 'num_CL': 4, 'size_CL': 26, 'kernel': 4, 'num_HL': 2, 'latent_dim': 9, 'opt_lr': 0.00012342692583733924, 'opt_wd': 8.172097760038972e-06}"
1226465,9e2f38be,0.7202265372168285,"{'batch_size': 64, 'num_CL': 4, 'size_CL': 16, 'kernel': 2, 'num_HL': 2, 'latent_dim': 9, 'opt_lr': 0.00010100575710208397, 'opt_wd': 4.825753821580187e-06}"
1226896,0a639ce1,0.7097087378640776,"{'batch_size': 64, 'num_CL': 4, 'size_CL': 12, 'kernel': 4, 'num_HL': 2, 'latent_dim': 8, 'opt_lr': 0.0001458788221319504, 'opt_wd': 5.084972697741195e-06}"
1227885,b6651087,0.7344120819848976,"{'batch_size': 64, 'num_CL': 4, 'size_CL': 25, 'kernel': 2, 'num_HL': 2, 'latent_dim': 9, 'opt_lr': 1.0008292327850511e-05, 'opt_wd': 4.349127207664535e-06}"
1229985,47f66c49,0.7389428263214671,"{'batch_size': 64, 'num_CL': 4, 'size_CL': 14, 'kernel': 2, 'num_HL': 2, 'latent_dim': 9, 'opt_lr': 5.804675092417674e-05, 'opt_wd': 1.2603325483383892e-06}"
1232189,18b7fa4d,0.7218985976267529,"{'batch_size': 64, 'num_CL': 4, 'size_CL': 22, 'kernel': 4, 'num_HL': 2, 'latent_dim': 8, 'opt_lr': 0.0001885944027752963, 'opt_wd': 5.6562509678642405e-06}"
1232272,0d3ad00c,0.7105177993527507,"{'batch_size': 64, 'num_CL': 4, 'size_CL': 29, 'kernel': 2, 'num_HL': 2, 'latent_dim': 7, 'opt_lr': 0.0003989054247497912, 'opt_wd': 6.270838451567647e-06}"
1232882,71f9436b,0.16666666666666669,"{'batch_size': 64, 'num_CL': 4, 'size_CL': 20, 'kernel': 2, 'num_HL': 2, 'latent_dim': 9, 'opt_lr': 0.0003214866271658066, 'opt_wd': 7.527411220184623e-06}"
1234900,a4010225,0.4935275080906149,"{'batch_size': 64, 'num_CL': 3, 'size_CL': 24, 'kernel': 4, 'num_HL': 2, 'latent_dim': 8, 'opt_lr': 1.1785056732391503e-05, 'opt_wd': 6.623855897351959e-06}"
1237513,c93b9fe5,0.7379180151024811,"{'batch_size': 64, 'num_CL': 4, 'size_CL': 21, 'kernel': 4, 'num_HL': 2, 'latent_dim': 9, 'opt_lr': 3.196979273725835e-05, 'opt_wd': 7.840323639427225e-06}"
1238637,09ac9f4a,0.7301510248112191,"{'batch_size': 64, 'num_CL': 2, 'size_CL': 22, 'kernel': 2, 'num_HL': 2, 'latent_dim': 9, 'opt_lr': 0.0002767926821241215, 'opt_wd': 5.928505252566035e-06}"
1239200,5e0dec48,0.16666666666666669,"{'batch_size': 64, 'num_CL': 4, 'size_CL': 19, 'kernel': 2, 'num_HL': 2, 'latent_dim': 9, 'opt_lr': 0.00023384897578884278, 'opt_wd': 7.311168501628727e-06}"
1240937,ab14dd86,0.46763754045307443,"{'batch_size': 64, 'num_CL': 4, 'size_CL': 17, 'kernel': 4, 'num_HL': 2, 'latent_dim': 8, 'opt_lr': 1.7617756294170025e-05, 'opt_wd': 8.339360195091055e-06}"
1241456,0ad1bc57,0.6782632146709817,"{'batch_size': 64, 'num_CL': 4, 'size_CL': 18, 'kernel': 3, 'num_HL': 4, 'latent_dim': 7, 'opt_lr': 8.38565158413763e-05, 'opt_wd': 5.4503162628746285e-06}"
1243490,329e8cd8,0.7489212513484358,"{'batch_size': 64, 'num_CL': 4, 'size_CL': 15, 'kernel': 3, 'num_HL': 2, 'latent_dim': 9, 'opt_lr': 0.0001121834175182709, 'opt_wd': 4.622951448304098e-06}"
1244422,3f32ec81,0.685814455231931,"{'batch_size': 64, 'num_CL': 4, 'size_CL': 28, 'kernel': 4, 'num_HL': 2, 'latent_dim': 7, 'opt_lr': 0.0008202444431641249, 'opt_wd': 6.78073565744336e-06}"
1245112,316b6f7a,0.540453074433657,"{'batch_size': 64, 'num_CL': 4, 'size_CL': 21, 'kernel': 2, 'num_HL': 2, 'latent_dim': 8, 'opt_lr': 1.0030745102750741e-05, 'opt_wd': 6.4085013849790215e-06}"
1245668,403b0127,0.739428263214671,"{'batch_size': 64, 'num_CL': 4, 'size_CL': 20, 'kernel': 4, 'num_HL': 2, 'latent_dim': 9, 'opt_lr': 3.766476416793145e-05, 'opt_wd': 6.1636888321077325e-06}"
1247622,73956fbf,0.56957928802589,"{'batch_size': 64, 'num_CL': 4, 'size_CL': 23, 'kernel': 2, 'num_HL': 2, 'latent_dim': 8, 'opt_lr': 0.00020369974047714737, 'opt_wd': 5.228560803823113e-06}"
1249469,f53afcec,0.7174757281553397,"{'batch_size': 64, 'num_CL': 4, 'size_CL': 24, 'kernel': 4, 'num_HL': 2, 'latent_dim': 9, 'opt_lr': 1.3056531926357333e-05, 'opt_wd': 7.145038610429013e-06}"
1250622,42ecc58a,0.16666666666666669,"{'batch_size': 64, 'num_CL': 4, 'size_CL': 16, 'kernel': 4, 'num_HL': 2, 'latent_dim': 9, 'opt_lr': 9.349641446152943e-05, 'opt_wd': 5.74366525324606e-06}"
1250881,d543c075,0.16666666666666669,"{'batch_size': 64, 'num_CL': 4, 'size_CL': 19, 'kernel': 2, 'num_HL': 2, 'latent_dim': 8, 'opt_lr': 0.00015702471543203864, 'opt_wd': 7.537319843336365e-06}"
1253366,85b18190,0.727292340884574,"{'batch_size': 64, 'num_CL': 3, 'size_CL': 21, 'kernel': 3, 'num_HL': 2, 'latent_dim': 9, 'opt_lr': 1.4664014407944548e-05, 'opt_wd': 4.029170265625851e-06}"
1255227,9e83de25,0.16666666666666669,"{'batch_size': 64, 'num_CL': 4, 'size_CL': 25, 'kernel': 4, 'num_HL': 2, 'latent_dim': 9, 'opt_lr': 0.00029923419698002534, 'opt_wd': 6.013231385649087e-06}"
1256080,9e388ebc,0.16666666666666669,"{'batch_size': 64, 'num_CL': 4, 'size_CL': 18, 'kernel': 2, 'num_HL': 2, 'latent_dim': 7, 'opt_lr': 6.336967542893524e-05, 'opt_wd': 8.817454620362557e-06}"
1257924,3d0dd4b6,0.7295577130528587,"{'batch_size': 64, 'num_CL': 4, 'size_CL': 20, 'kernel': 3, 'num_HL': 2, 'latent_dim': 8, 'opt_lr': 1.091330212943295e-05, 'opt_wd': 8.120706407577927e-06}"
1259140,89e90871,0.7271844660194174,"{'batch_size': 64, 'num_CL': 2, 'size_CL': 22, 'kernel': 2, 'num_HL': 2, 'latent_dim': 9, 'opt_lr': 0.00013759963567785234, 'opt_wd': 4.957432918925449e-06}"
1260513,48e4b7ef,0.7163430420711975,"{'batch_size': 64, 'num_CL': 4, 'size_CL': 17, 'kernel': 4, 'num_HL': 2, 'latent_dim': 8, 'opt_lr': 0.0001671083189684169, 'opt_wd': 7.9377624937044e-06}"
1261055,d53fe454,0.6818230852211434,"{'batch_size': 64, 'num_CL': 4, 'size_CL': 23, 'kernel': 2, 'num_HL': 2, 'latent_dim': 7, 'opt_lr': 0.0002164153888016072, 'opt_wd': 9.489568066827088e-06}"
1261944,baf0e689,0.7181769147788566,"{'batch_size': 64, 'num_CL': 4, 'size_CL': 5, 'kernel': 2, 'num_HL': 2, 'latent_dim': 8, 'opt_lr': 2.5577440270641243e-05, 'opt_wd': 9.733128764170797e-06}"
1264152,781b14e9,0.16666666666666669,"{'batch_size': 64, 'num_CL': 4, 'size_CL': 21, 'kernel': 2, 'num_HL': 2, 'latent_dim': 8, 'opt_lr': 0.0006675414374910631, 'opt_wd': 6.926846637889512e-06}"
1265451,36dfaa56,0.7043689320388349,"{'batch_size': 128, 'num_CL': 4, 'size_CL': 20, 'kernel': 4, 'num_HL': 2, 'latent_dim': 9, 'opt_lr': 1.1977127125379075e-05, 'opt_wd': 5.50846807377344e-06}"
1267181,916058a8,0.5970873786407767,"{'batch_size': 64, 'num_CL': 4, 'size_CL': 14, 'kernel': 2, 'num_HL': 2, 'latent_dim': 8, 'opt_lr': 0.0005224019183770541, 'opt_wd': 8.52730868765618e-06}"
1267655,2797b6f7,0.7656957928802589,"{'batch_size': 64, 'num_CL': 4, 'size_CL': 19, 'kernel': 4, 'num_HL': 2, 'latent_dim': 9, 'opt_lr': 1.6239852852868817e-05, 'opt_wd': 6.666266622858587e-06}"
1267929,d2bc5583,0.6864617044228696,"{'batch_size': 128, 'num_CL': 4, 'size_CL': 18, 'kernel': 4, 'num_HL': 2, 'latent_dim': 9, 'opt_lr': 0.0002469548541987932, 'opt_wd': 7.705939781108556e-06}"
1268191,0901d1df,0.7295577130528587,"{'batch_size': 64, 'num_CL': 4, 'size_CL': 16, 'kernel': 3, 'num_HL': 2, 'latent_dim': 8, 'opt_lr': 1.9385927338491897e-05, 'opt_wd': 6.38609332325109e-06}"
1270487,fa79c875,0.759277238403452,"{'batch_size': 64, 'num_CL': 4, 'size_CL': 19, 'kernel': 4, 'num_HL': 2, 'latent_dim': 9, 'opt_lr': 0.00019255843503065563, 'opt_wd': 4.396257035268067e-06}"
1272083,517182f5,0.16666666666666669,"{'batch_size': 64, 'num_CL': 3, 'size_CL': 13, 'kernel': 2, 'num_HL': 2, 'latent_dim': 8, 'opt_lr': 0.00012011842524397147, 'opt_wd': 7.337975847315094e-06}"
1274346,ea7c2963,0.7314994606256742,"{'batch_size': 64, 'num_CL': 4, 'size_CL': 22, 'kernel': 4, 'num_HL': 2, 'latent_dim': 9, 'opt_lr': 3.0387967098800008e-05, 'opt_wd': 5.239770545703353e-06}"
1275869,b0bf7e21,0.7246494066882417,"{'batch_size': 128, 'num_CL': 4, 'size_CL': 24, 'kernel': 4, 'num_HL': 2, 'latent_dim': 9, 'opt_lr': 2.256757448310276e-05, 'opt_wd': 6.0265950336435995e-06}"
1275887,cb4499da,0.7454153182308522,"{'batch_size': 64, 'num_CL': 4, 'size_CL': 15, 'kernel': 4, 'num_HL': 2, 'latent_dim': 9, 'opt_lr': 2.7455168180693212e-05, 'opt_wd': 5.758199628319857e-06}"
1277109,735f8555,0.7331715210355987,"{'batch_size': 64, 'num_CL': 4, 'size_CL': 26, 'kernel': 4, 'num_HL': 2, 'latent_dim': 9, 'opt_lr': 1.686485641425761e-05, 'opt_wd': 5.45449909372174e-06}"
1277872,2b01d957,0.45037756202804746,"{'batch_size': 64, 'num_CL': 4, 'size_CL': 20, 'kernel': 4, 'num_HL': 2, 'latent_dim': 9, 'opt_lr': 1.3674285298461706e-05, 'opt_wd': 6.992906727191706e-06}"
1281648,b3575cc6,0.1720604099244876,"{'batch_size': 64, 'num_CL': 4, 'size_CL': 19, 'kernel': 4, 'num_HL': 2, 'latent_dim': 9, 'opt_lr': 1.6375966474626717e-05, 'opt_wd': 6.709366737803236e-06}"
1283160,ea94a0b7,0.7670981661272923,"{'batch_size': 64, 'num_CL': 4, 'size_CL': 19, 'kernel': 4, 'num_HL': 2, 'latent_dim': 9, 'opt_lr': 1.1074287700756731e-05, 'opt_wd': 6.634665540749099e-06}"
1285159,19f6ea48,0.7224919093851132,"{'batch_size': 64, 'num_CL': 4, 'size_CL': 21, 'kernel': 4, 'num_HL': 2, 'latent_dim': 9, 'opt_lr': 1.404296520090551e-05, 'opt_wd': 7.1717177569611e-06}"
1285218,681801f1,0.7650485436893204,"{'batch_size': 64, 'num_CL': 4, 'size_CL': 18, 'kernel': 4, 'num_HL': 2, 'latent_dim': 9, 'opt_lr': 1.5075483728424362e-05, 'opt_wd': 6.224246897450326e-06}"
1286322,62f2a24b,0.7588996763754046,"{'batch_size': 64, 'num_CL': 4, 'size_CL': 20, 'kernel': 4, 'num_HL': 2, 'latent_dim': 9, 'opt_lr': 1.2476655332413571e-05, 'opt_wd': 6.462633430499376e-06}"
1287155,b2786156,0.16666666666666669,"{'batch_size': 64, 'num_CL': 4, 'size_CL': 17, 'kernel': 4, 'num_HL': 2, 'latent_dim': 9, 'opt_lr': 1.16332517576553e-05, 'opt_wd': 6.366225528799475e-06}"
1289988,22a45881,0.703074433656958,"{'batch_size': 64, 'num_CL': 4, 'size_CL': 19, 'kernel': 4, 'num_HL': 2, 'latent_dim': 9, 'opt_lr': 1.0002899274346949e-05, 'opt_wd': 6.012668373738127e-06}"
1290197,61bf2def,0.45738942826321466,"{'batch_size': 64, 'num_CL': 4, 'size_CL': 18, 'kernel': 4, 'num_HL': 2, 'latent_dim': 9, 'opt_lr': 1.1000623978324547e-05, 'opt_wd': 5.687001497161252e-06}"
1291465,51496e23,0.7338187702265372,"{'batch_size': 64, 'num_CL': 4, 'size_CL': 16, 'kernel': 4, 'num_HL': 2, 'latent_dim': 9, 'opt_lr': 2.019275909240203e-05, 'opt_wd': 6.220640081277572e-06}"
1292243,53bb7890,0.5102481121898598,"{'batch_size': 64, 'num_CL': 4, 'size_CL': 18, 'kernel': 4, 'num_HL': 2, 'latent_dim': 9, 'opt_lr': 1.8901249601621233e-05, 'opt_wd': 5.079725654207687e-06}"
1292561,be1f96b0,0.767529665587918,"{'batch_size': 64, 'num_CL': 4, 'size_CL': 17, 'kernel': 4, 'num_HL': 2, 'latent_dim': 9, 'opt_lr': 1.7892407648752506e-05, 'opt_wd': 5.827180658655506e-06}"
1295255,d34e35bd,0.5566343042071197,"{'batch_size': 64, 'num_CL': 4, 'size_CL': 17, 'kernel': 4, 'num_HL': 2, 'latent_dim': 9, 'opt_lr': 1.551601920312012e-05, 'opt_wd': 5.6443889527691596e-06}"
1296478,95a9d436,0.4994606256742179,"{'batch_size': 64, 'num_CL': 4, 'size_CL': 19, 'kernel': 4, 'num_HL': 2, 'latent_dim': 9, 'opt_lr': 1.4763975307732761e-05, 'opt_wd': 4.78196139082742e-06}"
1297058,e34439be,0.16666666666666669,"{'batch_size': 64, 'num_CL': 4, 'size_CL': 16, 'kernel': 4, 'num_HL': 2, 'latent_dim': 9, 'opt_lr': 2.1634639056016973e-05, 'opt_wd': 6.191080574865412e-06}"
1299725,085ebcd8,0.7521035598705501,"{'batch_size': 64, 'num_CL': 4, 'size_CL': 15, 'kernel': 4, 'num_HL': 2, 'latent_dim': 9, 'opt_lr': 1.8121823915267976e-05, 'opt_wd': 5.933644751331335e-06}"
1299754,3e35360c,0.7357065803667745,"{'batch_size': 64, 'num_CL': 4, 'size_CL': 18, 'kernel': 4, 'num_HL': 2, 'latent_dim': 9, 'opt_lr': 2.4588057258275563e-05, 'opt_wd': 5.289402365650536e-06}"
1301497,12a84b09,0.19201725997842503,"{'batch_size': 64, 'num_CL': 4, 'size_CL': 14, 'kernel': 4, 'num_HL': 2, 'latent_dim': 9, 'opt_lr': 3.4435938556483385e-05, 'opt_wd': 6.16485252861849e-06}"
1306151,6cb82742,0.7476267529665587,"{'batch_size': 64, 'num_CL': 4, 'size_CL': 15, 'kernel': 4, 'num_HL': 2, 'latent_dim': 9, 'opt_lr': 1.7993957341258217e-05, 'opt_wd': 5.857374167905367e-06}"
1306240,be5fe12a,0.7285868392664508,"{'batch_size': 64, 'num_CL': 4, 'size_CL': 14, 'kernel': 4, 'num_HL': 2, 'latent_dim': 9, 'opt_lr': 2.386830217728742e-05, 'opt_wd': 6.320328579564329e-06}"
1306395,0db69a5d,0.7245415318230852,"{'batch_size': 64, 'num_CL': 4, 'size_CL': 16, 'kernel': 4, 'num_HL': 2, 'latent_dim': 9, 'opt_lr': 1.9054210117345267e-05, 'opt_wd': 5.560330320634506e-06}"
1307426,d749e0a8,0.7714670981661272,"{'batch_size': 64, 'num_CL': 4, 'size_CL': 17, 'kernel': 4, 'num_HL': 2, 'latent_dim': 9, 'opt_lr': 1.6100333248927777e-05, 'opt_wd': 6.6284244457289925e-06}"
1308065,37804f8a,0.7195253505933117,"{'batch_size': 64, 'num_CL': 4, 'size_CL': 13, 'kernel': 4, 'num_HL': 2, 'latent_dim': 9, 'opt_lr': 2.104725948403848e-05, 'opt_wd': 6.5830533820572105e-06}"
1310988,86d18f85,0.7269147788565264,"{'batch_size': 64, 'num_CL': 4, 'size_CL': 15, 'kernel': 4, 'num_HL': 2, 'latent_dim': 9, 'opt_lr': 2.617958788727573e-05, 'opt_wd': 5.866407322719076e-06}"
1312332,f9be7940,0.16666666666666669,"{'batch_size': 64, 'num_CL': 4, 'size_CL': 17, 'kernel': 4, 'num_HL': 2, 'latent_dim': 9, 'opt_lr': 2.255633889832971e-05, 'opt_wd': 6.585480786752348e-06}"
1312415,4ffb4855,0.743042071197411,"{'batch_size': 64, 'num_CL': 4, 'size_CL': 16, 'kernel': 4, 'num_HL': 2, 'latent_dim': 9, 'opt_lr': 2.832015111879388e-05, 'opt_wd': 5.7158312925190745e-06}"
1313939,3351f185,0.6877022653721683,"{'batch_size': 64, 'num_CL': 4, 'size_CL': 17, 'kernel': 4, 'num_HL': 2, 'latent_dim': 9, 'opt_lr': 1.5605829435753008e-05, 'opt_wd': 6.1257790875471646e-06}"
1316659,237bf637,0.45145631067961167,"{'batch_size': 64, 'num_CL': 4, 'size_CL': 15, 'kernel': 4, 'num_HL': 2, 'latent_dim': 9, 'opt_lr': 2.346057476879324e-05, 'opt_wd': 6.711572920368184e-06}"
1316744,51e87611,0.7807982740021575,"{'batch_size': 64, 'num_CL': 4, 'size_CL': 12, 'kernel': 4, 'num_HL': 2, 'latent_dim': 9, 'opt_lr': 1.710866520225351e-05, 'opt_wd': 6.814752957464995e-06}"
1318266,92c18c19,0.47357065803667747,"{'batch_size': 64, 'num_CL': 4, 'size_CL': 17, 'kernel': 4, 'num_HL': 2, 'latent_dim': 9, 'opt_lr': 2.9944140244600506e-05, 'opt_wd': 6.012147522920902e-06}"
1319901,79b32982,0.7473031283710896,"{'batch_size': 64, 'num_CL': 4, 'size_CL': 11, 'kernel': 4, 'num_HL': 2, 'latent_dim': 9, 'opt_lr': 2.049752127741547e-05, 'opt_wd': 6.3791547920307526e-06}"
1320501,dccd5bae,0.16666666666666669,"{'batch_size': 64, 'num_CL': 4, 'size_CL': 7, 'kernel': 4, 'num_HL': 2, 'latent_dim': 9, 'opt_lr': 2.5954942309005266e-05, 'opt_wd': 6.8889965333352536e-06}"
1321417,0cb3a292,0.7393743257820928,"{'batch_size': 64, 'num_CL': 4, 'size_CL': 13, 'kernel': 4, 'num_HL': 2, 'latent_dim': 9, 'opt_lr': 1.6468839070323434e-05, 'opt_wd': 6.591652603968333e-06}"
1322011,dee6bc28,0.16666666666666669,"{'batch_size': 64, 'num_CL': 4, 'size_CL': 12, 'kernel': 4, 'num_HL': 2, 'latent_dim': 9, 'opt_lr': 1.7642547974745493e-05, 'opt_wd': 6.4825054904486196e-06}"
1324036,28c7f33c,0.48274002157497303,"{'batch_size': 64, 'num_CL': 4, 'size_CL': 8, 'kernel': 4, 'num_HL': 2, 'latent_dim': 9, 'opt_lr': 3.971554558649615e-05, 'opt_wd': 6.832996523949297e-06}"
1324613,47f29f8a,0.7320388349514563,"{'batch_size': 64, 'num_CL': 4, 'size_CL': 16, 'kernel': 4, 'num_HL': 2, 'latent_dim': 9, 'opt_lr': 1.4500771672333734e-05, 'opt_wd': 6.878488319855481e-06}"
1325090,f3f74346,0.45091693635382957,"{'batch_size': 64, 'num_CL': 4, 'size_CL': 11, 'kernel': 4, 'num_HL': 2, 'latent_dim': 9, 'opt_lr': 3.436933102537098e-05, 'opt_wd': 5.846188795527906e-06}"
1325782,9b571e0e,0.16666666666666669,"{'batch_size': 64, 'num_CL': 4, 'size_CL': 7, 'kernel': 4, 'num_HL': 2, 'latent_dim': 9, 'opt_lr': 1.2952230281622485e-05, 'opt_wd': 6.052570073373495e-06}"
1325951,ad97aaf1,0.7594390507011867,"{'batch_size': 64, 'num_CL': 4, 'size_CL': 10, 'kernel': 4, 'num_HL': 2, 'latent_dim': 9, 'opt_lr': 1.9412415640524297e-05, 'opt_wd': 5.44487637975663e-06}"
1327519,80bd598d,0.31661272923408845,"{'batch_size': 64, 'num_CL': 4, 'size_CL': 10, 'kernel': 4, 'num_HL': 2, 'latent_dim': 9, 'opt_lr': 1.3757633654933609e-05, 'opt_wd': 6.347386161434769e-06}"
1329037,8ae1950a,0.6096548004314996,"{'batch_size': 64, 'num_CL': 4, 'size_CL': 9, 'kernel': 4, 'num_HL': 2, 'latent_dim': 9, 'opt_lr': 1.72103146163393e-05, 'opt_wd': 5.166831067523979e-06}"
1329631,828e1fd6,0.6432038834951457,"{'batch_size': 64, 'num_CL': 4, 'size_CL': 8, 'kernel': 4, 'num_HL': 2, 'latent_dim': 9, 'opt_lr': 2.1462330667091953e-05, 'opt_wd': 6.730157504902647e-06}"
1333459,32e32b2c,0.44390507011866237,"{'batch_size': 64, 'num_CL': 4, 'size_CL': 12, 'kernel': 4, 'num_HL': 2, 'latent_dim': 9, 'opt_lr': 1.5191305182223689e-05, 'opt_wd': 5.8628995961317425e-06}"
1335591,d790c34e,0.7474649406688242,"{'batch_size': 64, 'num_CL': 4, 'size_CL': 13, 'kernel': 4, 'num_HL': 2, 'latent_dim': 9, 'opt_lr': 2.860864941672563e-05, 'opt_wd': 7.049799087260498e-06}"
1337773,35422264,0.7190399137001079,"{'batch_size': 64, 'num_CL': 4, 'size_CL': 13, 'kernel': 4, 'num_HL': 2, 'latent_dim': 9, 'opt_lr': 1.252256669837659e-05, 'opt_wd': 5.360991288422879e-06}"
1339071,334be73b,0.6263754045307445,"{'batch_size': 64, 'num_CL': 4, 'size_CL': 12, 'kernel': 4, 'num_HL': 2, 'latent_dim': 9, 'opt_lr': 2.425934920461152e-05, 'opt_wd': 5.622357229585798e-06}"
1339219,3d1d708a,0.16666666666666669,"{'batch_size': 64, 'num_CL': 4, 'size_CL': 11, 'kernel': 4, 'num_HL': 2, 'latent_dim': 2, 'opt_lr': 3.1766764558078124e-05, 'opt_wd': 6.150405456899218e-06}"
1342199,39237966,0.7113268608414239,"{'batch_size': 64, 'num_CL': 4, 'size_CL': 6, 'kernel': 4, 'num_HL': 2, 'latent_dim': 9, 'opt_lr': 1.8570308861147043e-05, 'opt_wd': 6.509497556833304e-06}"
1342715,baf89bc4,0.5161812297734628,"{'batch_size': 64, 'num_CL': 4, 'size_CL': 9, 'kernel': 4, 'num_HL': 2, 'latent_dim': 9, 'opt_lr': 1.0040955118336757e-05, 'opt_wd': 5.6152764727767915e-06}"
1343334,13cc6a41,0.794606256742179,"{'batch_size': 64, 'num_CL': 4, 'size_CL': 10, 'kernel': 4, 'num_HL': 2, 'latent_dim': 9, 'opt_lr': 1.1608369570981477e-05, 'opt_wd': 4.935147071856547e-06}"
1345522,c82f83a6,0.43527508090614886,"{'batch_size': 64, 'num_CL': 4, 'size_CL': 11, 'kernel': 4, 'num_HL': 2, 'latent_dim': 9, 'opt_lr': 1.9938445664136825e-05, 'opt_wd': 6.8262317521522245e-06}"
1346712,20b94bb3,0.7359762675296656,"{'batch_size': 64, 'num_CL': 4, 'size_CL': 14, 'kernel': 4, 'num_HL': 2, 'latent_dim': 9, 'opt_lr': 1.6268214525362342e-05, 'opt_wd': 6.462032092033154e-06}"
1349080,8353b907,0.16666666666666669,"{'batch_size': 64, 'num_CL': 4, 'size_CL': 7, 'kernel': 4, 'num_HL': 2, 'latent_dim': 9, 'opt_lr': 1.4316858558644631e-05, 'opt_wd': 4.6664880623531046e-06}"
1350341,c4acbab2,0.7443905070118663,"{'batch_size': 64, 'num_CL': 4, 'size_CL': 9, 'kernel': 4, 'num_HL': 2, 'latent_dim': 9, 'opt_lr': 2.309761385963899e-05, 'opt_wd': 6.041342655829191e-06}"
1350345,ae11af56,0.16666666666666669,"{'batch_size': 64, 'num_CL': 4, 'size_CL': 5, 'kernel': 4, 'num_HL': 2, 'latent_dim': 9, 'opt_lr': 1.777504031652651e-05, 'opt_wd': 4.853061478549905e-06}"
1353836,68becbcd,0.5312837108953614,"{'batch_size': 64, 'num_CL': 4, 'size_CL': 6, 'kernel': 4, 'num_HL': 2, 'latent_dim': 9, 'opt_lr': 1.6276526560298647e-05, 'opt_wd': 4.446917468696204e-06}"
1353948,305477a3,0.7068500539374326,"{'batch_size': 64, 'num_CL': 4, 'size_CL': 10, 'kernel': 4, 'num_HL': 2, 'latent_dim': 9, 'opt_lr': 1.2065092685642937e-05, 'opt_wd': 4.211192648011964e-06}"
1354775,0a970923,0.7605717367853291,"{'batch_size': 64, 'num_CL': 4, 'size_CL': 12, 'kernel': 4, 'num_HL': 2, 'latent_dim': 9, 'opt_lr': 1.3545158869486216e-05, 'opt_wd': 7.111978598432825e-06}"
1357293,116f7380,0.716235167206041,"{'batch_size': 64, 'num_CL': 4, 'size_CL': 9, 'kernel': 4, 'num_HL': 2, 'latent_dim': 9, 'opt_lr': 2.0840297313444084e-05, 'opt_wd': 3.766311346637256e-06}"
1357399,7b97db80,0.46548004314994607,"{'batch_size': 64, 'num_CL': 4, 'size_CL': 8, 'kernel': 4, 'num_HL': 4, 'latent_dim': 9, 'opt_lr': 1.306960397872215e-05, 'opt_wd': 5.013555061887662e-06}"
1360629,f2e010a2,0.16666666666666669,"{'batch_size': 64, 'num_CL': 4, 'size_CL': 9, 'kernel': 4, 'num_HL': 2, 'latent_dim': 9, 'opt_lr': 4.212171282750818e-05, 'opt_wd': 3.993758472575015e-06}"
1362446,906d0732,0.7457389428263215,"{'batch_size': 64, 'num_CL': 4, 'size_CL': 9, 'kernel': 4, 'num_HL': 2, 'latent_dim': 9, 'opt_lr': 3.611244599088763e-05, 'opt_wd': 4.9260349905981755e-06}"
1363262,24637d9a,0.7397518878101402,"{'batch_size': 64, 'num_CL': 4, 'size_CL': 4, 'kernel': 4, 'num_HL': 2, 'latent_dim': 9, 'opt_lr': 2.5613239497715144e-05, 'opt_wd': 3.4022722392934345e-06}"
1365900,af7b3e3c,0.6931499460625675,"{'batch_size': 64, 'num_CL': 4, 'size_CL': 11, 'kernel': 4, 'num_HL': 2, 'latent_dim': 9, 'opt_lr': 1.0021705162351172e-05, 'opt_wd': 4.527668978750787e-06}"
1368364,e1e406bf,0.7477885652642935,"{'batch_size': 64, 'num_CL': 4, 'size_CL': 10, 'kernel': 4, 'num_HL': 2, 'latent_dim': 9, 'opt_lr': 1.1238136346267469e-05, 'opt_wd': 4.7035758933272764e-06}"
1369712,75703154,0.16666666666666669,"{'batch_size': 64, 'num_CL': 4, 'size_CL': 12, 'kernel': 4, 'num_HL': 2, 'latent_dim': 9, 'opt_lr': 1.0000061817274961e-05, 'opt_wd': 4.870698823966062e-06}"
1369759,717fa7b8,0.7130528586839266,"{'batch_size': 64, 'num_CL': 4, 'size_CL': 10, 'kernel': 4, 'num_HL': 2, 'latent_dim': 9, 'opt_lr': 1.4327790125074867e-05, 'opt_wd': 5.143032614674914e-06}"
1371274,79a8560f,0.7286407766990292,"{'batch_size': 64, 'num_CL': 4, 'size_CL': 10, 'kernel': 4, 'num_HL': 2, 'latent_dim': 9, 'opt_lr': 2.2152291813223238e-05, 'opt_wd': 5.286386768250512e-06}"
1372212,0862f561,0.6339266450916937,"{'batch_size': 64, 'num_CL': 4, 'size_CL': 11, 'kernel': 4, 'num_HL': 2, 'latent_dim': 9, 'opt_lr': 2.723931406729792e-05, 'opt_wd': 3.584447464136537e-06}"
1373502,199427b2,0.5525350593311759,"{'batch_size': 64, 'num_CL': 4, 'size_CL': 6, 'kernel': 4, 'num_HL': 2, 'latent_dim': 9, 'opt_lr': 1.1921665695791668e-05, 'opt_wd': 4.5467079806834825e-06}"
1375703,a1e216e0,0.7200107874865156,"{'batch_size': 64, 'num_CL': 4, 'size_CL': 8, 'kernel': 4, 'num_HL': 2, 'latent_dim': 9, 'opt_lr': 1.9106058922988104e-05, 'opt_wd': 4.240826298374535e-06}"
1376209,85b3f56e,0.6139697950377562,"{'batch_size': 64, 'num_CL': 4, 'size_CL': 11, 'kernel': 4, 'num_HL': 2, 'latent_dim': 9, 'opt_lr': 1.0854506837427006e-05, 'opt_wd': 5.119768293091307e-06}"
1377207,031aa580,0.16666666666666669,"{'batch_size': 64, 'num_CL': 4, 'size_CL': 14, 'kernel': 4, 'num_HL': 2, 'latent_dim': 9, 'opt_lr': 1.3544637153157667e-05, 'opt_wd': 4.946530327004887e-06}"
1378332,3b9eeebc,0.740992448759439,"{'batch_size': 64, 'num_CL': 4, 'size_CL': 13, 'kernel': 4, 'num_HL': 2, 'latent_dim': 9, 'opt_lr': 1.7096774345106475e-05, 'opt_wd': 5.4238961493499485e-06}"
1379822,35cda5d4,0.564185544768069,"{'batch_size': 64, 'num_CL': 4, 'size_CL': 12, 'kernel': 4, 'num_HL': 2, 'latent_dim': 9, 'opt_lr': 1.4885084243497138e-05, 'opt_wd': 4.366446870527407e-06}"
1383241,d82bfd0d,0.7165587918015103,"{'batch_size': 64, 'num_CL': 4, 'size_CL': 14, 'kernel': 4, 'num_HL': 2, 'latent_dim': 9, 'opt_lr': 2.0906336978882328e-05, 'opt_wd': 3.7981110374403464e-06}"
1383573,edaeaf30,0.7400215749730313,"{'batch_size': 64, 'num_CL': 4, 'size_CL': 8, 'kernel': 4, 'num_HL': 2, 'latent_dim': 9, 'opt_lr': 2.9823881992042093e-05, 'opt_wd': 5.499104134374915e-06}"
1385515,c55b0385,0.7383495145631069,"{'batch_size': 64, 'num_CL': 2, 'size_CL': 11, 'kernel': 4, 'num_HL': 2, 'latent_dim': 9, 'opt_lr': 1.7436826995942888e-05, 'opt_wd': 5.280717538487601e-06}"
1386748,89d44294,0.36785329018338725,"{'batch_size': 64, 'num_CL': 4, 'size_CL': 9, 'kernel': 4, 'num_HL': 2, 'latent_dim': 9, 'opt_lr': 1.3059307010329172e-05, 'opt_wd': 5.734475515075723e-06}"
1387616,59bbd4fc,0.742556634304207,"{'batch_size': 64, 'num_CL': 4, 'size_CL': 13, 'kernel': 4, 'num_HL': 2, 'latent_dim': 9, 'opt_lr': 5.291739834431213e-05, 'opt_wd': 3.9931782910556055e-06}"
1387869,eae7bad7,0.7068500539374327,"{'batch_size': 64, 'num_CL': 4, 'size_CL': 7, 'kernel': 4, 'num_HL': 2, 'latent_dim': 9, 'opt_lr': 1.590887100784675e-05, 'opt_wd': 4.157562297134093e-06}"
1389083,ee6fc843,0.7715210355987054,"{'batch_size': 64, 'num_CL': 4, 'size_CL': 8, 'kernel': 4, 'num_HL': 2, 'latent_dim': 9, 'opt_lr': 1.221802842522823e-05, 'opt_wd': 4.772476703475205e-06}"
1389090,6f246789,0.47303128371089537,"{'batch_size': 64, 'num_CL': 4, 'size_CL': 12, 'kernel': 4, 'num_HL': 2, 'latent_dim': 9, 'opt_lr': 2.3019935452443705e-05, 'opt_wd': 4.59382983212461e-06}"
1390170,307f5ac3,0.16666666666666669,"{'batch_size': 64, 'num_CL': 4, 'size_CL': 9, 'kernel': 4, 'num_HL': 2, 'latent_dim': 9, 'opt_lr': 1.537265093031074e-05, 'opt_wd': 5.150789804407288e-06}"
1395004,cc736efe,0.7340884573894282,"{'batch_size': 64, 'num_CL': 4, 'size_CL': 13, 'kernel': 4, 'num_HL': 2, 'latent_dim': 9, 'opt_lr': 1.102874169679709e-05, 'opt_wd': 2.607357501426429e-06}"
1397374,23ea19df,0.47249190938511326,"{'batch_size': 64, 'num_CL': 4, 'size_CL': 8, 'kernel': 4, 'num_HL': 4, 'latent_dim': 9, 'opt_lr': 1.0119305021303116e-05, 'opt_wd': 4.450204651400695e-06}"
1404178,07f2bb65,0.7498381877022653,"{'batch_size': 64, 'num_CL': 4, 'size_CL': 4, 'kernel': 4, 'num_HL': 2, 'latent_dim': 9, 'opt_lr': 1.8364336144937666e-05, 'opt_wd': 5.7101743518089425e-06}"
1405809,03bb99f7,0.7696332254584682,"{'batch_size': 64, 'num_CL': 4, 'size_CL': 7, 'kernel': 4, 'num_HL': 2, 'latent_dim': 9, 'opt_lr': 1.215125904356812e-05, 'opt_wd': 3.7027085300016318e-06}"
1411848,6031553e,0.7447141316073356,"{'batch_size': 64, 'num_CL': 4, 'size_CL': 7, 'kernel': 4, 'num_HL': 2, 'latent_dim': 9, 'opt_lr': 1.013108825345344e-05, 'opt_wd': 3.3821848337933564e-06}"
1412162,79f59a2a,0.7017799352750809,"{'batch_size': 64, 'num_CL': 4, 'size_CL': 5, 'kernel': 4, 'num_HL': 2, 'latent_dim': 9, 'opt_lr': 1.252716389987801e-05, 'opt_wd': 3.0755847409772697e-06}"
1415669,90bd9db7,0.7172599784250269,"{'batch_size': 64, 'num_CL': 4, 'size_CL': 8, 'kernel': 4, 'num_HL': 2, 'latent_dim': 9, 'opt_lr': 1.183881668633342e-05, 'opt_wd': 2.8908823395304884e-06}"
1416421,a19a465c,0.7161272923408846,"{'batch_size': 64, 'num_CL': 4, 'size_CL': 5, 'kernel': 4, 'num_HL': 2, 'latent_dim': 9, 'opt_lr': 1.0720211386929595e-05, 'opt_wd': 3.2913944644693932e-06}"
1419255,9630dcce,0.6689859762675298,"{'batch_size': 64, 'num_CL': 4, 'size_CL': 7, 'kernel': 4, 'num_HL': 2, 'latent_dim': 9, 'opt_lr': 1.3687996744687097e-05, 'opt_wd': 3.6846713321184138e-06}"
1419782,025c05d4,0.4738942826321467,"{'batch_size': 64, 'num_CL': 4, 'size_CL': 7, 'kernel': 4, 'num_HL': 2, 'latent_dim': 3, 'opt_lr': 1.1201077492870644e-05, 'opt_wd': 3.2253850554601584e-06}"
1419804,ff8e2cf3,0.7355447680690399,"{'batch_size': 64, 'num_CL': 4, 'size_CL': 10, 'kernel': 4, 'num_HL': 2, 'latent_dim': 9, 'opt_lr': 1.3515679883789896e-05, 'opt_wd': 3.9921619325909495e-06}"
1422942,119e30ed,0.45361380798274004,"{'batch_size': 64, 'num_CL': 4, 'size_CL': 4, 'kernel': 4, 'num_HL': 2, 'latent_dim': 9, 'opt_lr': 1.2470002686050829e-05, 'opt_wd': 3.610257603314003e-06}"
1423008,2fbcc0f4,0.5598705501618123,"{'batch_size': 64, 'num_CL': 4, 'size_CL': 5, 'kernel': 4, 'num_HL': 2, 'latent_dim': 9, 'opt_lr': 1.0698198260769245e-05, 'opt_wd': 3.1202757390412867e-06}"
1424772,9c8d3f6d,0.7150485436893204,"{'batch_size': 64, 'num_CL': 4, 'size_CL': 6, 'kernel': 4, 'num_HL': 2, 'latent_dim': 9, 'opt_lr': 0.0009840230292334944, 'opt_wd': 3.463542109662912e-06}"
1425586,cc7fd735,0.7093311758360302,"{'batch_size': 64, 'num_CL': 3, 'size_CL': 6, 'kernel': 4, 'num_HL': 2, 'latent_dim': 9, 'opt_lr': 1.1821961637966325e-05, 'opt_wd': 3.6611767879722803e-06}"
1426049,b1d39284,0.5512405609492989,"{'batch_size': 64, 'num_CL': 4, 'size_CL': 6, 'kernel': 4, 'num_HL': 2, 'latent_dim': 9, 'opt_lr': 1.004754314660275e-05, 'opt_wd': 2.3705848660341004e-06}"
1428062,9038ec9c,0.32416396979503775,"{'batch_size': 64, 'num_CL': 4, 'size_CL': 3, 'kernel': 4, 'num_HL': 2, 'latent_dim': 9, 'opt_lr': 1.4620111265303085e-05, 'opt_wd': 2.166496056144066e-06}"
1429303,01c7f1b3,0.5787486515641855,"{'batch_size': 64, 'num_CL': 4, 'size_CL': 10, 'kernel': 4, 'num_HL': 2, 'latent_dim': 9, 'opt_lr': 1.0051722360044596e-05, 'opt_wd': 2.5348230885682598e-06}"
1431409,50d8c87e,0.5043149946062567,"{'batch_size': 64, 'num_CL': 3, 'size_CL': 8, 'kernel': 4, 'num_HL': 2, 'latent_dim': 9, 'opt_lr': 1.3330170820948332e-05, 'opt_wd': 2.3323460637070154e-06}"
1432575,56c5a027,0.16666666666666669,"{'batch_size': 64, 'num_CL': 4, 'size_CL': 5, 'kernel': 4, 'num_HL': 4, 'latent_dim': 9, 'opt_lr': 1.6450199498155005e-05, 'opt_wd': 3.882958419057577e-06}"
1433136,35b9a4fe,0.16666666666666669,"{'batch_size': 64, 'num_CL': 4, 'size_CL': 3, 'kernel': 4, 'num_HL': 2, 'latent_dim': 9, 'opt_lr': 1.5311100185614375e-05, 'opt_wd': 2.7585005192514885e-06}"
1435036,888aa697,0.5851672060409924,"{'batch_size': 64, 'num_CL': 4, 'size_CL': 9, 'kernel': 4, 'num_HL': 2, 'latent_dim': 9, 'opt_lr': 1.2186058850535978e-05, 'opt_wd': 1.5467562418154976e-06}"
1436889,296153ae,0.7621359223300971,"{'batch_size': 64, 'num_CL': 4, 'size_CL': 2, 'kernel': 4, 'num_HL': 2, 'latent_dim': 9, 'opt_lr': 1.2249452805594939e-05, 'opt_wd': 1.9994501845081963e-06}"
1438313,31babfc4,0.42017259978425026,"{'batch_size': 64, 'num_CL': 4, 'size_CL': 6, 'kernel': 4, 'num_HL': 2, 'latent_dim': 9, 'opt_lr': 1.6010146485682773e-05, 'opt_wd': 2.669677949729166e-06}"
1441464,eb502fec,0.4368932038834951,"{'batch_size': 64, 'num_CL': 2, 'size_CL': 9, 'kernel': 4, 'num_HL': 2, 'latent_dim': 8, 'opt_lr': 2.0155535521729618e-05, 'opt_wd': 3.5039397306214676e-06}"
1445007,b467f56c,0.5142394822006472,"{'batch_size': 64, 'num_CL': 4, 'size_CL': 8, 'kernel': 4, 'num_HL': 2, 'latent_dim': 8, 'opt_lr': 1.298343348267855e-05, 'opt_wd': 4.1811160729348495e-06}"
1447004,c2995ebd,0.7012405609492989,"{'batch_size': 64, 'num_CL': 4, 'size_CL': 7, 'kernel': 4, 'num_HL': 2, 'latent_dim': 9, 'opt_lr': 1.1142426311009087e-05, 'opt_wd': 2.9000078063535413e-06}"
1450296,fec40bfb,0.2740021574973031,"{'batch_size': 64, 'num_CL': 4, 'size_CL': 10, 'kernel': 4, 'num_HL': 2, 'latent_dim': 9, 'opt_lr': 1.167066177263757e-05, 'opt_wd': 2.999896861158974e-06}"
1452685,7f23897d,0.7241100323624595,"{'batch_size': 64, 'num_CL': 4, 'size_CL': 7, 'kernel': 4, 'num_HL': 2, 'latent_dim': 9, 'opt_lr': 1.433901597443049e-05, 'opt_wd': 3.2684200800720405e-06}"
1453737,6d6dbe4e,0.16666666666666669,"{'batch_size': 64, 'num_CL': 4, 'size_CL': 2, 'kernel': 4, 'num_HL': 2, 'latent_dim': 9, 'opt_lr': 1.1432077696070091e-05, 'opt_wd': 4.031214912073534e-06}"
1456934,13d16c61,0.535059331175836,"{'batch_size': 64, 'num_CL': 4, 'size_CL': 8, 'kernel': 4, 'num_HL': 2, 'latent_dim': 2, 'opt_lr': 1.4632272027595763e-05, 'opt_wd': 4.1674949341527005e-06}"
1457028,337f5eae,0.22330097087378642,"{'batch_size': 64, 'num_CL': 4, 'size_CL': 9, 'kernel': 4, 'num_HL': 2, 'latent_dim': 9, 'opt_lr': 1.6455613299156605e-05, 'opt_wd': 3.688437679267162e-06}"
1460297,d8515f30,0.5129449838187702,"{'batch_size': 64, 'num_CL': 4, 'size_CL': 9, 'kernel': 4, 'num_HL': 2, 'latent_dim': 9, 'opt_lr': 1.3643361222099139e-05, 'opt_wd': 3.3635847890604164e-06}"
1463743,110d62c3,0.6167745415318231,"{'batch_size': 64, 'num_CL': 4, 'size_CL': 8, 'kernel': 4, 'num_HL': 2, 'latent_dim': 8, 'opt_lr': 1.0866019728017077e-05, 'opt_wd': 3.861488781829975e-06}"
1464584,ec306f81,0.7539913700107875,"{'batch_size': 64, 'num_CL': 4, 'size_CL': 4, 'kernel': 4, 'num_HL': 2, 'latent_dim': 9, 'opt_lr': 1.0054348938212232e-05, 'opt_wd': 4.089573746660421e-06}"
1465940,4e2fe5aa,0.6653721682847896,"{'batch_size': 64, 'num_CL': 4, 'size_CL': 3, 'kernel': 4, 'num_HL': 2, 'latent_dim': 9, 'opt_lr': 1.9243143330707466e-05, 'opt_wd': 4.325940310831816e-06}"
1469399,3b0c9311,0.16666666666666669,"{'batch_size': 64, 'num_CL': 4, 'size_CL': 10, 'kernel': 4, 'num_HL': 2, 'latent_dim': 9, 'opt_lr': 2.4917408285687288e-05, 'opt_wd': 2.768298597252964e-06}"
1472537,10e782ca,0.7751348435814456,"{'batch_size': 64, 'num_CL': 4, 'size_CL': 11, 'kernel': 4, 'num_HL': 2, 'latent_dim': 9, 'opt_lr': 1.516223354538076e-05, 'opt_wd': 4.706749122581389e-06}"
1472687,324269c4,0.3360302049622438,"{'batch_size': 64, 'num_CL': 4, 'size_CL': 6, 'kernel': 4, 'num_HL': 2, 'latent_dim': 8, 'opt_lr': 1.1899048741005175e-05, 'opt_wd': 4.239513051539171e-06}"
1472859,d4fb67d6,0.7366774541531823,"{'batch_size': 64, 'num_CL': 4, 'size_CL': 5, 'kernel': 4, 'num_HL': 2, 'latent_dim': 9, 'opt_lr': 1.0029241884761707e-05, 'opt_wd': 3.563634861291625e-06}"
1475933,d49b92d7,0.16666666666666669,"{'batch_size': 64, 'num_CL': 3, 'size_CL': 11, 'kernel': 4, 'num_HL': 2, 'latent_dim': 9, 'opt_lr': 2.1125247752933673e-05, 'opt_wd': 4.827509962536201e-06}"
1476049,70cbb3aa,0.7819848975188781,"{'batch_size': 64, 'num_CL': 4, 'size_CL': 6, 'kernel': 4, 'num_HL': 2, 'latent_dim': 8, 'opt_lr': 1.2879239120579824e-05, 'opt_wd': 3.74871014972724e-06}"
1476240,6c5c718b,0.3295577130528587,"{'batch_size': 64, 'num_CL': 4, 'size_CL': 10, 'kernel': 4, 'num_HL': 2, 'latent_dim': 9, 'opt_lr': 2.6762569733654852e-05, 'opt_wd': 4.6870967794418495e-06}"
1476305,77405a11,0.5857065803667745,"{'batch_size': 64, 'num_CL': 4, 'size_CL': 11, 'kernel': 4, 'num_HL': 2, 'latent_dim': 8, 'opt_lr': 1.938788324260815e-05, 'opt_wd': 4.518766455175218e-06}"
1482280,a17b0af5,0.7513484358144552,"{'batch_size': 64, 'num_CL': 4, 'size_CL': 7, 'kernel': 4, 'num_HL': 2, 'latent_dim': 9, 'opt_lr': 1.7329487056953054e-05, 'opt_wd': 3.178665084006538e-06}"
1484480,0f3dee17,0.7448759439050701,"{'batch_size': 64, 'num_CL': 4, 'size_CL': 11, 'kernel': 4, 'num_HL': 2, 'latent_dim': 9, 'opt_lr': 2.350820544390711e-05, 'opt_wd': 4.684102892775701e-06}"
1484997,d089fa21,0.7783710895361381,"{'batch_size': 64, 'num_CL': 4, 'size_CL': 10, 'kernel': 4, 'num_HL': 2, 'latent_dim': 8, 'opt_lr': 1.0075665299979292e-05, 'opt_wd': 4.2999505591778086e-06}"
1488010,27a46b84,0.5496224379719525,"{'batch_size': 64, 'num_CL': 4, 'size_CL': 3, 'kernel': 4, 'num_HL': 2, 'latent_dim': 8, 'opt_lr': 1.007721835621369e-05, 'opt_wd': 4.018250019329139e-06}"
1491022,47a7c479,0.6994066882416397,"{'batch_size': 64, 'num_CL': 2, 'size_CL': 9, 'kernel': 4, 'num_HL': 2, 'latent_dim': 8, 'opt_lr': 1.417171079567856e-05, 'opt_wd': 4.166888415030579e-06}"
1495234,55d2dd0c,0.771628910463862,"{'batch_size': 64, 'num_CL': 4, 'size_CL': 4, 'kernel': 4, 'num_HL': 2, 'latent_dim': 8, 'opt_lr': 1.321058789864554e-05, 'opt_wd': 3.92561044197337e-06}"
1495566,c87e1a7a,0.7341963322545847,"{'batch_size': 64, 'num_CL': 4, 'size_CL': 12, 'kernel': 4, 'num_HL': 2, 'latent_dim': 8, 'opt_lr': 1.0711701660655354e-05, 'opt_wd': 4.407867683476271e-06}"
1496129,9609f8de,0.7256742179072277,"{'batch_size': 64, 'num_CL': 4, 'size_CL': 5, 'kernel': 4, 'num_HL': 2, 'latent_dim': 8, 'opt_lr': 1.5251982004345563e-05, 'opt_wd': 3.8003976056835935e-06}"
1498957,4797ea04,0.29341963322545844,"{'batch_size': 64, 'num_CL': 4, 'size_CL': 12, 'kernel': 4, 'num_HL': 2, 'latent_dim': 8, 'opt_lr': 1.0014759613026943e-05, 'opt_wd': 4.261418466592607e-06}"
1499214,82cdf56c,0.16666666666666669,"{'batch_size': 64, 'num_CL': 4, 'size_CL': 10, 'kernel': 4, 'num_HL': 2, 'latent_dim': 8, 'opt_lr': 1.1433032083848384e-05, 'opt_wd': 3.5060265360621126e-06}"
1499601,e5ef9e59,0.7250809061488673,"{'batch_size': 64, 'num_CL': 4, 'size_CL': 11, 'kernel': 4, 'num_HL': 2, 'latent_dim': 8, 'opt_lr': 1.2972758832181401e-05, 'opt_wd': 3.031186950677399e-06}"
1503059,f977e2de,0.52319309600863,"{'batch_size': 64, 'num_CL': 4, 'size_CL': 12, 'kernel': 4, 'num_HL': 2, 'latent_dim': 8, 'opt_lr': 1.086499071886414e-05, 'opt_wd': 4.4127152406098564e-06}"
1503762,f1a986a7,0.7263754045307443,"{'batch_size': 64, 'num_CL': 4, 'size_CL': 12, 'kernel': 4, 'num_HL': 2, 'latent_dim': 8, 'opt_lr': 1.3791305878306078e-05, 'opt_wd': 3.821186186118556e-06}"
1506360,7a0af98b,0.7416936353829559,"{'batch_size': 64, 'num_CL': 4, 'size_CL': 10, 'kernel': 4, 'num_HL': 2, 'latent_dim': 8, 'opt_lr': 1.073930894043016e-05, 'opt_wd': 3.435015900994853e-06}"
1506663,7e05dfe0,0.4859762675296656,"{'batch_size': 64, 'num_CL': 3, 'size_CL': 9, 'kernel': 4, 'num_HL': 2, 'latent_dim': 8, 'opt_lr': 1.5212276362792915e-05, 'opt_wd': 4.554752416465386e-06}"
1507016,9820605d,0.5983818770226537,"{'batch_size': 64, 'num_CL': 4, 'size_CL': 10, 'kernel': 4, 'num_HL': 4, 'latent_dim': 8, 'opt_lr': 1.788630446927852e-05, 'opt_wd': 3.914788552828458e-06}"
1507520,b3eda66d,0.20388349514563106,"{'batch_size': 64, 'num_CL': 4, 'size_CL': 10, 'kernel': 4, 'num_HL': 2, 'latent_dim': 8, 'opt_lr': 1.1656188711444906e-05, 'opt_wd': 4.367560097116111e-06}"
1510322,7393b86a,0.16666666666666669,"{'batch_size': 64, 'num_CL': 4, 'size_CL': 9, 'kernel': 4, 'num_HL': 2, 'latent_dim': 8, 'opt_lr': 4.637152650378312e-05, 'opt_wd': 3.5747443128962312e-06}"
1511319,649e9099,0.7549622437971953,"{'batch_size': 64, 'num_CL': 4, 'size_CL': 11, 'kernel': 4, 'num_HL': 2, 'latent_dim': 8, 'opt_lr': 1.0096177803380629e-05, 'opt_wd': 3.1842278922777577e-06}"
1513323,5018f8de,0.7386192017259979,"{'batch_size': 64, 'num_CL': 4, 'size_CL': 13, 'kernel': 4, 'num_HL': 2, 'latent_dim': 8, 'opt_lr': 1.2585956343479611e-05, 'opt_wd': 1.9305924792491388e-06}"
1514977,45ba27ee,0.5324703344120819,"{'batch_size': 64, 'num_CL': 4, 'size_CL': 6, 'kernel': 4, 'num_HL': 2, 'latent_dim': 8, 'opt_lr': 1.6815520835706538e-05, 'opt_wd': 3.3191352936831407e-06}"
1516833,1126c5aa,0.509277238403452,"{'batch_size': 64, 'num_CL': 4, 'size_CL': 7, 'kernel': 4, 'num_HL': 2, 'latent_dim': 8, 'opt_lr': 1.0030448126411837e-05, 'opt_wd': 4.076638969774306e-06}"
1520235,135ef3b6,0.7364617044228695,"{'batch_size': 64, 'num_CL': 4, 'size_CL': 11, 'kernel': 4, 'num_HL': 2, 'latent_dim': 8, 'opt_lr': 1.0059459840914934e-05, 'opt_wd': 2.912417328208022e-06}"
1523522,116d6fbb,0.7398597626752965,"{'batch_size': 64, 'num_CL': 4, 'size_CL': 11, 'kernel': 4, 'num_HL': 2, 'latent_dim': 8, 'opt_lr': 1.5277839146095123e-05, 'opt_wd': 4.682145669682817e-06}"
1526428,59ccefa1,0.7052858683926645,"{'batch_size': 64, 'num_CL': 4, 'size_CL': 10, 'kernel': 4, 'num_HL': 2, 'latent_dim': 8, 'opt_lr': 1.2782253678814882e-05, 'opt_wd': 2.583514367123805e-06}"
1528911,b7a29d57,0.7419633225458468,"{'batch_size': 64, 'num_CL': 4, 'size_CL': 12, 'kernel': 4, 'num_HL': 2, 'latent_dim': 8, 'opt_lr': 1.1312830190813907e-05, 'opt_wd': 4.925252948628858e-06}"
1529215,5fc46aa5,0.49546925566343036,"{'batch_size': 64, 'num_CL': 4, 'size_CL': 2, 'kernel': 4, 'num_HL': 2, 'latent_dim': 8, 'opt_lr': 1.420379867683832e-05, 'opt_wd': 4.194743030308611e-06}"
1530809,937e0f1a,0.7556634304207119,"{'batch_size': 64, 'num_CL': 4, 'size_CL': 8, 'kernel': 4, 'num_HL': 2, 'latent_dim': 8, 'opt_lr': 1.0015033691656403e-05, 'opt_wd': 3.861736414574013e-06}"
1532565,e413e6da,0.7365695792880259,"{'batch_size': 64, 'num_CL': 4, 'size_CL': 11, 'kernel': 4, 'num_HL': 2, 'latent_dim': 8, 'opt_lr': 1.9990694702541092e-05, 'opt_wd': 4.3444598765207705e-06}"
1533770,89d788d3,0.16666666666666669,"{'batch_size': 64, 'num_CL': 4, 'size_CL': 3, 'kernel': 4, 'num_HL': 2, 'latent_dim': 8, 'opt_lr': 1.8115314244011314e-05, 'opt_wd': 2.275868106228057e-06}"
1537618,d0b44242,0.5328478964401294,"{'batch_size': 64, 'num_CL': 4, 'size_CL': 6, 'kernel': 4, 'num_HL': 2, 'latent_dim': 8, 'opt_lr': 1.1070029631910143e-05, 'opt_wd': 4.778449698865729e-06}"
1538840,5bed517c,0.7707659115426105,"{'batch_size': 64, 'num_CL': 3, 'size_CL': 13, 'kernel': 4, 'num_HL': 2, 'latent_dim': 9, 'opt_lr': 1.221513727250462e-05, 'opt_wd': 3.7188388571747566e-06}"
1539571,f48c8c0e,0.7270226537216828,"{'batch_size': 64, 'num_CL': 4, 'size_CL': 12, 'kernel': 4, 'num_HL': 2, 'latent_dim': 6, 'opt_lr': 1.6354333690720505e-05, 'opt_wd': 3.0918850938207305e-06}"
1539573,981844ee,0.708252427184466,"{'batch_size': 64, 'num_CL': 4, 'size_CL': 8, 'kernel': 4, 'num_HL': 2, 'latent_dim': 9, 'opt_lr': 0.0009067760306181933, 'opt_wd': 4.512256737816595e-06}"
1543034,5b893b3d,0.16666666666666669,"{'batch_size': 64, 'num_CL': 4, 'size_CL': 10, 'kernel': 4, 'num_HL': 2, 'latent_dim': 9, 'opt_lr': 1.5107285246848702e-05, 'opt_wd': 4.241671759686472e-06}"
1544127,ab7a27e0,0.4670981661272923,"{'batch_size': 64, 'num_CL': 4, 'size_CL': 4, 'kernel': 4, 'num_HL': 4, 'latent_dim': 8, 'opt_lr': 1.0032645070549123e-05, 'opt_wd': 3.5448787494581826e-06}"
1545595,5e2fec78,0.7362998921251349,"{'batch_size': 64, 'num_CL': 2, 'size_CL': 7, 'kernel': 4, 'num_HL': 2, 'latent_dim': 9, 'opt_lr': 1.8667621460101265e-05, 'opt_wd': 2.774485195727899e-06}"
1545875,493bc4b8,0.7149946062567422,"{'batch_size': 64, 'num_CL': 4, 'size_CL': 9, 'kernel': 4, 'num_HL': 2, 'latent_dim': 8, 'opt_lr': 2.2244658174192704e-05, 'opt_wd': 3.967089950758082e-06}"
1546638,48846a3b,0.5507011866235167,"{'batch_size': 64, 'num_CL': 4, 'size_CL': 11, 'kernel': 4, 'num_HL': 2, 'latent_dim': 9, 'opt_lr': 1.2888330739360491e-05, 'opt_wd': 5.010630436056474e-06}"
1547770,88c4791a,0.16666666666666669,"{'batch_size': 64, 'num_CL': 4, 'size_CL': 8, 'kernel': 4, 'num_HL': 2, 'latent_dim': 8, 'opt_lr': 1.3742135479882877e-05, 'opt_wd': 4.7187972096062104e-06}"
1548930,817de650,0.5566343042071198,"{'batch_size': 64, 'num_CL': 4, 'size_CL': 4, 'kernel': 4, 'num_HL': 2, 'latent_dim': 9, 'opt_lr': 1.0929968967317624e-05, 'opt_wd': 3.36105009750805e-06}"
1549710,5438a036,0.16666666666666669,"{'batch_size': 64, 'num_CL': 4, 'size_CL': 5, 'kernel': 4, 'num_HL': 2, 'latent_dim': 3, 'opt_lr': 1.5888957754537734e-05, 'opt_wd': 1.7607497699616695e-06}"
1550554,fe39552d,0.5275080906148867,"{'batch_size': 64, 'num_CL': 4, 'size_CL': 13, 'kernel': 4, 'num_HL': 2, 'latent_dim': 7, 'opt_lr': 1.0048114328631507e-05, 'opt_wd': 3.730345314455892e-06}"
1550629,974bc11a,0.7062567421790723,"{'batch_size': 64, 'num_CL': 4, 'size_CL': 9, 'kernel': 4, 'num_HL': 2, 'latent_dim': 7, 'opt_lr': 1.3945501233541846e-05, 'opt_wd': 4.553626257971463e-06}"
1551531,30063f8d,0.7101941747572815,"{'batch_size': 64, 'num_CL': 3, 'size_CL': 12, 'kernel': 4, 'num_HL': 2, 'latent_dim': 8, 'opt_lr': 3.329234585562476e-05, 'opt_wd': 4.311629289498955e-06}"
1553098,8fc8b8e3,0.38727076591154264,"{'batch_size': 64, 'num_CL': 4, 'size_CL': 9, 'kernel': 4, 'num_HL': 2, 'latent_dim': 9, 'opt_lr': 1.2098957808553387e-05, 'opt_wd': 4.575203726781212e-06}"
1554196,f0651b47,0.45415318230852214,"{'batch_size': 64, 'num_CL': 4, 'size_CL': 12, 'kernel': 4, 'num_HL': 2, 'latent_dim': 8, 'opt_lr': 1.758646402393163e-05, 'opt_wd': 3.2279238672872754e-06}"
1554433,c1ff559b,0.5813376483279395,"{'batch_size': 64, 'num_CL': 4, 'size_CL': 7, 'kernel': 4, 'num_HL': 2, 'latent_dim': 9, 'opt_lr': 1.3522530784633865e-05, 'opt_wd': 4.086685405916262e-06}"
1554635,6722e202,0.7728155339805824,"{'batch_size': 64, 'num_CL': 4, 'size_CL': 10, 'kernel': 4, 'num_HL': 2, 'latent_dim': 9, 'opt_lr': 2.167457207932191e-05, 'opt_wd': 5.053526366088233e-06}"
1554991,91409c70,0.18069039913700108,"{'batch_size': 64, 'num_CL': 4, 'size_CL': 8, 'kernel': 4, 'num_HL': 2, 'latent_dim': 9, 'opt_lr': 1.4821862645735719e-05, 'opt_wd': 4.936753814555281e-06}"
1558028,2c86ce45,0.20334412081984898,"{'batch_size': 64, 'num_CL': 4, 'size_CL': 11, 'kernel': 4, 'num_HL': 2, 'latent_dim': 9, 'opt_lr': 1.156097224376073e-05, 'opt_wd': 4.418140620292286e-06}"
1559500,57149fbb,0.6955771305285868,"{'batch_size': 64, 'num_CL': 4, 'size_CL': 13, 'kernel': 4, 'num_HL': 2, 'latent_dim': 9, 'opt_lr': 1.9980294814235546e-05, 'opt_wd': 3.533472478609223e-06}"
1559708,b3bddf43,0.7481121898597627,"{'batch_size': 64, 'num_CL': 4, 'size_CL': 10, 'kernel': 4, 'num_HL': 2, 'latent_dim': 8, 'opt_lr': 2.449673393055232e-05, 'opt_wd': 3.922881239173475e-06}"
1561841,52b0fd30,0.48705501618122976,"{'batch_size': 64, 'num_CL': 4, 'size_CL': 14, 'kernel': 4, 'num_HL': 2, 'latent_dim': 7, 'opt_lr': 1.261711995021691e-05, 'opt_wd': 2.5248900402711315e-06}"
1563062,6f1a64ce,0.16666666666666669,"{'batch_size': 64, 'num_CL': 4, 'size_CL': 7, 'kernel': 4, 'num_HL': 2, 'latent_dim': 8, 'opt_lr': 1.8254820087767516e-05, 'opt_wd': 4.272962125069205e-06}"
1563085,d6754018,0.5677454153182309,"{'batch_size': 64, 'num_CL': 4, 'size_CL': 5, 'kernel': 4, 'num_HL': 2, 'latent_dim': 6, 'opt_lr': 1.0820049660632255e-05, 'opt_wd': 4.010393251915102e-06}"
1564453,92d98ff8,0.6969795037756203,"{'batch_size': 64, 'num_CL': 4, 'size_CL': 6, 'kernel': 4, 'num_HL': 2, 'latent_dim': 8, 'opt_lr': 1.6350854076807844e-05, 'opt_wd': 4.775120582121346e-06}"
1567679,84ea7d4b,0.5799352750809061,"{'batch_size': 64, 'num_CL': 4, 'size_CL': 13, 'kernel': 4, 'num_HL': 4, 'latent_dim': 8, 'opt_lr': 1.0054880708110246e-05, 'opt_wd': 3.3841044832962538e-06}"
1567690,6a330c6a,0.7025350593311759,"{'batch_size': 64, 'num_CL': 4, 'size_CL': 9, 'kernel': 4, 'num_HL': 2, 'latent_dim': 9, 'opt_lr': 2.8808202452444843e-05, 'opt_wd': 2.970065360580627e-06}"
1570378,acab984a,0.7223840345199568,"{'batch_size': 64, 'num_CL': 4, 'size_CL': 12, 'kernel': 4, 'num_HL': 2, 'latent_dim': 9, 'opt_lr': 3.9718481641662515e-05, 'opt_wd': 5.046247685973245e-06}"
1571086,3231f6a8,0.16666666666666669,"{'batch_size': 64, 'num_CL': 4, 'size_CL': 3, 'kernel': 4, 'num_HL': 2, 'latent_dim': 9, 'opt_lr': 0.0007578712738969874, 'opt_wd': 4.501723896453213e-06}"
1571296,7bfcfe92,0.5600323624595469,"{'batch_size': 64, 'num_CL': 4, 'size_CL': 6, 'kernel': 4, 'num_HL': 2, 'latent_dim': 8, 'opt_lr': 1.2730705864613382e-05, 'opt_wd': 1.0914403944558558e-06}"
1572754,14ece5d7,0.7624595469255664,"{'batch_size': 64, 'num_CL': 4, 'size_CL': 11, 'kernel': 4, 'num_HL': 2, 'latent_dim': 9, 'opt_lr': 1.4231884842975559e-05, 'opt_wd': 3.6711429440520936e-06}"
1577560,21e0d795,0.7236245954692557,"{'batch_size': 64, 'num_CL': 4, 'size_CL': 14, 'kernel': 4, 'num_HL': 2, 'latent_dim': 8, 'opt_lr': 2.1368965124750012e-05, 'opt_wd': 5.275974250852049e-06}"
1578181,665d677a,0.7170442286947142,"{'batch_size': 64, 'num_CL': 3, 'size_CL': 11, 'kernel': 4, 'num_HL': 2, 'latent_dim': 7, 'opt_lr': 1.523716678599029e-05, 'opt_wd': 4.9608112935143195e-06}"
1580018,f30543f8,0.7374865156418555,"{'batch_size': 64, 'num_CL': 4, 'size_CL': 9, 'kernel': 4, 'num_HL': 2, 'latent_dim': 9, 'opt_lr': 1.72391715734982e-05, 'opt_wd': 4.073255401973333e-06}"
1580945,9acba3db,0.215210355987055,"{'batch_size': 64, 'num_CL': 4, 'size_CL': 7, 'kernel': 4, 'num_HL': 2, 'latent_dim': 9, 'opt_lr': 1.2093386096352102e-05, 'opt_wd': 4.8457900422990496e-06}"
1581092,a8195e5f,0.7433656957928803,"{'batch_size': 64, 'num_CL': 4, 'size_CL': 10, 'kernel': 4, 'num_HL': 2, 'latent_dim': 9, 'opt_lr': 1.1302938249313525e-05, 'opt_wd': 3.761060645099327e-06}"
1583700,329fe788,0.7220064724919094,"{'batch_size': 64, 'num_CL': 4, 'size_CL': 8, 'kernel': 4, 'num_HL': 2, 'latent_dim': 9, 'opt_lr': 1.0076759529359833e-05, 'opt_wd': 4.701477331744365e-06}"
1584454,9198cce2,0.5335490830636462,"{'batch_size': 64, 'num_CL': 4, 'size_CL': 2, 'kernel': 4, 'num_HL': 2, 'latent_dim': 7, 'opt_lr': 2.352304032737911e-05, 'opt_wd': 2.8625578283310326e-06}"
1584929,621d2bce,0.7130528586839266,"{'batch_size': 64, 'num_CL': 2, 'size_CL': 12, 'kernel': 4, 'num_HL': 2, 'latent_dim': 9, 'opt_lr': 2.6713642529398488e-05, 'opt_wd': 3.834658924446948e-06}"
1586281,ba73352d,0.8015102481121898,"{'batch_size': 64, 'num_CL': 4, 'size_CL': 10, 'kernel': 4, 'num_HL': 2, 'latent_dim': 8, 'opt_lr': 1.944930328267543e-05, 'opt_wd': 4.253356651469139e-06}"
1587315,b79e20fd,0.48813376483279397,"{'batch_size': 64, 'num_CL': 4, 'size_CL': 13, 'kernel': 4, 'num_HL': 2, 'latent_dim': 9, 'opt_lr': 1.0953995144702138e-05, 'opt_wd': 5.177573093664409e-06}"
1588354,01f0c09b,0.3117583603020496,"{'batch_size': 64, 'num_CL': 4, 'size_CL': 9, 'kernel': 4, 'num_HL': 2, 'latent_dim': 8, 'opt_lr': 1.2644044288286908e-05, 'opt_wd': 4.619085381997337e-06}"
1591847,fac88827,0.4886731391585761,"{'batch_size': 64, 'num_CL': 4, 'size_CL': 3, 'kernel': 4, 'num_HL': 2, 'latent_dim': 8, 'opt_lr': 5.0170759222615544e-05, 'opt_wd': 2.4053714591637342e-06}"
1594795,c8566824,0.7568500539374325,"{'batch_size': 64, 'num_CL': 4, 'size_CL': 8, 'kernel': 4, 'num_HL': 2, 'latent_dim': 9, 'opt_lr': 1.4030749335401196e-05, 'opt_wd': 3.1324950127149155e-06}"
1595175,b21eef4b,0.16666666666666669,"{'batch_size': 64, 'num_CL': 4, 'size_CL': 8, 'kernel': 4, 'num_HL': 2, 'latent_dim': 7, 'opt_lr': 4.2401434842813636e-05, 'opt_wd': 3.0765858913024438e-06}"
1596609,3ad7ed06,0.7508090614886731,"{'batch_size': 64, 'num_CL': 4, 'size_CL': 10, 'kernel': 4, 'num_HL': 2, 'latent_dim': 7, 'opt_lr': 1.878229412583901e-05, 'opt_wd': 2.7307992078724456e-06}"
1597121,8cc56d74,0.740237324703344,"{'batch_size': 64, 'num_CL': 4, 'size_CL': 5, 'kernel': 4, 'num_HL': 2, 'latent_dim': 7, 'opt_lr': 3.12646168933131e-05, 'opt_wd': 3.3200221370136175e-06}"
1598012,33567be1,0.16666666666666669,"{'batch_size': 64, 'num_CL': 4, 'size_CL': 4, 'kernel': 4, 'num_HL': 2, 'latent_dim': 7, 'opt_lr': 2.4870852171804114e-05, 'opt_wd': 3.529811081191852e-06}"
1599515,78ab48ad,0.772707659115426,"{'batch_size': 64, 'num_CL': 4, 'size_CL': 6, 'kernel': 4, 'num_HL': 2, 'latent_dim': 8, 'opt_lr': 1.6358866058601663e-05, 'opt_wd': 4.137314419748334e-06}"
1600433,0cd870dd,0.21305285868392665,"{'batch_size': 64, 'num_CL': 4, 'size_CL': 8, 'kernel': 4, 'num_HL': 2, 'latent_dim': 7, 'opt_lr': 2.7850098322969425e-05, 'opt_wd': 3.762170299464599e-06}"
1601243,a108864f,0.4099244875943905,"{'batch_size': 64, 'num_CL': 3, 'size_CL': 9, 'kernel': 4, 'num_HL': 2, 'latent_dim': 7, 'opt_lr': 5.761202784993685e-05, 'opt_wd': 4.262022859193481e-06}"
1602811,d5dbb7db,0.7632146709816613,"{'batch_size': 64, 'num_CL': 4, 'size_CL': 7, 'kernel': 4, 'num_HL': 2, 'latent_dim': 8, 'opt_lr': 3.418743221263329e-05, 'opt_wd': 3.95906066592711e-06}"
1603240,217f0a78,0.7183926645091694,"{'batch_size': 64, 'num_CL': 4, 'size_CL': 10, 'kernel': 4, 'num_HL': 2, 'latent_dim': 7, 'opt_lr': 2.018039148562071e-05, 'opt_wd': 4.340230056608315e-06}"
1604045,522f4832,0.5529665587918016,"{'batch_size': 64, 'num_CL': 4, 'size_CL': 7, 'kernel': 4, 'num_HL': 2, 'latent_dim': 7, 'opt_lr': 1.7805694565962108e-05, 'opt_wd': 3.5300731366776355e-06}"
1604685,616e2f4f,0.48381877022653724,"{'batch_size': 64, 'num_CL': 4, 'size_CL': 10, 'kernel': 4, 'num_HL': 2, 'latent_dim': 8, 'opt_lr': 3.710779707054112e-05, 'opt_wd': 4.155388799851923e-06}"
