config:
  batch_size: 64
  latent_dim: 85
  m_lambda: 1.9137565017702745
  num_HL: 3
  opt_lr: 0.00044524185300568337
  opt_wd: 2.9613598503475846e-06
score: 0.8482352941176471
