config:
  batch_size: 128
  kernel: 3
  latent_dim: 546
  m_lambda: 2.52859854058608
  num_CL: 4
  num_HL: 2
  opt_lr: 3.1603563154924165e-05
  opt_wd: 2.787383576873575e-06
  size_CL: 17
score: 0.8294117647058824
