config:
  batch_size: 128
  kernel: 4
  latent_dim: 128
  num_CL: 4
  num_HL: 2
  opt_lr: 0.00025692546061429917
  opt_wd: 1.983966434763757e-06
  size_CL: 26
score: 0.8224919093851133
