config:
  batch_size: 64
  kernel: 3
  latent_dim: 269
  m_lambda: 2.6380426374128043
  num_CL: 4
  num_HL: 2
  opt_lr: 1.2121968989041285e-05
  opt_wd: 3.137817222960073e-06
  size_CL: 10
score: 0.843235294117647
