config:
  batch_size: 64
  kernel: 3
  latent_dim: 30
  num_CL: 4
  num_HL: 4
  opt_lr: 0.0007686431630601392
  opt_wd: 7.091525661867834e-06
  size_CL: 32
score: -0.1
