config:
  batch_size: 64
  kernel: 4
  latent_dim: 148
  num_CL: 3
  num_HL: 2
  opt_lr: 0.00020192091718092354
  opt_wd: 4.006067046707554e-06
  size_CL: 25
score: 0.756202804746494
