config:
  batch_size: 128
  kernel: 3
  latent_dim: 502
  num_CL: 4
  num_HL: 2
  opt_lr: 0.00010747714388881204
  opt_wd: 7.521543137710149e-06
  size_CL: 17
score: 0.7529665587918015
