config:
  batch_size: 64
  kernel: 2
  latent_dim: 303
  num_CL: 4
  num_HL: 2
  opt_lr: 0.00016651680148386538
  opt_wd: 7.265264566253163e-06
  size_CL: 28
score: 0.838673139158576
