config:
  batch_size: 128
  kernel: 4
  latent_dim: 16
  m_lambda: 1.8896367464513442
  num_CL: 3
  num_HL: 2
  opt_lr: 1.1485461163231948e-05
  opt_wd: 1.9029337744161125e-06
  size_CL: 11
score: 0.8114705882352942
