config:
  umap_epochs: 189
  umap_mdist: 0.0004552869284027983
  umap_ncomp: 18
  umap_neigh: 5
  umap_spread: 1.2205261383380388
score: 0.42488262910798125
