config:
  umap_epochs: 277
  umap_mdist: 0.5303056528168967
  umap_ncomp: 5
  umap_neigh: 4
  umap_spread: 1.9455846098685217
score: 0.42488262910798125
