config:
  batch_size: 64
  latent_dim: 9
  m_lambda: 1.8223572284074452
  num_HL: 4
  opt_lr: 0.0006992850934073443
  opt_wd: 2.4836246445481263e-06
score: 0.7686084142394822
