config:
  batch_size: 129
  latent_dim: 6
  m_lambda: 2.2135907456402233
  num_HL: 8
  opt_lr: 0.0003100969071955435
  opt_wd: 3.042229875561983e-06
score: 0.6343042071197411
