config:
  batch_size: 64
  kernel: 4
  latent_dim: 150
  m_lambda: 1.9971183614472938
  num_CL: 4
  num_HL: 4
  opt_lr: 4.9899785628652876e-05
  opt_wd: 8.931176428075711e-06
  size_CL: 7
score: 0.7400215749730312
