config:
  batch_size: 128
  kernel: 3
  latent_dim: 177
  num_CL: 3
  num_HL: 2
  opt_lr: 0.0005298097100067098
  opt_wd: 5.614827626470754e-06
  size_CL: 29
score: 0.749730312837109
