config:
  batch_size: 128
  kernel: 4
  latent_dim: 341
  m_lambda: 1.8000094865869298
  num_CL: 3
  num_HL: 2
  opt_lr: 0.0002086801842978961
  opt_wd: 8.874276929713222e-06
  size_CL: 19
score: 0.8172881355932203
