config:
  batch_size: 64
  kernel: 2
  latent_dim: 72
  num_CL: 4
  num_HL: 2
  opt_lr: 0.00030297652564072235
  opt_wd: 7.707261526561321e-06
  size_CL: 25
score: 0.8336030204962244
