config:
  batch_size: 64
  kernel: 2
  latent_dim: 119
  m_lambda: 1.7304473953100905
  num_CL: 3
  num_HL: 4
  opt_lr: 1.5087224979021396e-05
  opt_wd: 3.7172806578859757e-06
  size_CL: 8
score: 0.7593851132686084
