config:
  batch_size: 64
  latent_dim: 410
  m_lambda: 0.4238345286213727
  num_HL: 2
  opt_lr: 0.0005850935668141615
  opt_wd: 2.8842567953835066e-06
score: 0.7669491525423728
