config:
  batch_size: 64
  latent_dim: 16
  num_HL: 3
  opt_lr: 0.0003728114465396601
  opt_wd: 3.0575665792086934e-06
score: 0.646244131455399
