config:
  batch_size: 64
  kernel: 4
  latent_dim: 16
  m_lambda: 0.46595054554913057
  num_CL: 4
  num_HL: 2
  opt_lr: 3.252445625356494e-05
  opt_wd: 9.776373639919691e-06
  size_CL: 18
score: 0.8300970873786407
