config:
  batch_size: 64
  kernel: 3
  latent_dim: 9
  num_CL: 4
  num_HL: 2
  opt_lr: 3.059286258389101e-05
  opt_wd: 1.6844162280345178e-06
  size_CL: 25
score: 0.7333333333333333
