config:
  umap_epochs: 469
  umap_mdist: 1.0139086992732917
  umap_ncomp: 33
  umap_neigh: 5
  umap_spread: 0.17853862810773322
score: 0.43896713615023475
