config:
  batch_size: 64
  latent_dim: 50
  num_HL: 4
  opt_lr: 3.595468493853492e-05
  opt_wd: 3.0491489655939266e-06
score: 0.6461704422869471
