config:
  batch_size: 128
  kernel: 3
  latent_dim: 75
  num_CL: 2
  num_HL: 4
  opt_lr: 3.260913024166913e-05
  opt_wd: 4.065948080703762e-06
  size_CL: 24
score: 0.857511737089202
