config:
  batch_size: 64
  latent_dim: 90
  num_HL: 2
  opt_lr: 0.0003479126138157387
  opt_wd: 9.396009316300877e-06
score: 0.8588235294117647
