config:
  batch_size: 64
  latent_dim: 75
  m_lambda: 0.20198006769395072
  num_HL: 2
  opt_lr: 0.0009037168000049292
  opt_wd: 5.765401842583511e-06
score: 0.7541525423728814
