config:
  batch_size: 64
  latent_dim: 59
  m_lambda: 1.2732852297701676
  num_HL: 2
  opt_lr: 0.00010330470634501949
  opt_wd: 7.5195112172860635e-06
score: 0.7470338983050848
