config:
  batch_size: 64
  latent_dim: 51
  m_lambda: 1.2306595819259003
  num_HL: 2
  opt_lr: 0.0007111449706760801
  opt_wd: 8.613624480736962e-06
score: 0.7872168284789645
