config:
  batch_size: 64
  latent_dim: 92
  m_lambda: 0.27783444537048557
  num_HL: 2
  opt_lr: 0.00022795680679334982
  opt_wd: 5.1858762507549476e-06
score: 0.785329018338727
