config:
  batch_size: 64
<<<<<<< HEAD
  latent_dim: 36
  m_lambda: 2.867797234604858
  num_HL: 2
  opt_lr: 0.0008736622215539324
  opt_wd: 7.44436419015357e-07
score: 0.7841963322545846
=======
  latent_dim: 92
  m_lambda: 0.27783444537048557
  num_HL: 2
  opt_lr: 0.00022795680679334982
  opt_wd: 5.1858762507549476e-06
score: 0.785329018338727
>>>>>>> af6c53a8437c0482ea227a891b0d95a27b4b14a9
