config:
  batch_size: 64
  latent_dim: 36
  m_lambda: 2.867797234604858
  num_HL: 2
  opt_lr: 0.0008736622215539324
  opt_wd: 7.44436419015357e-07
score: 0.7841963322545846
