config:
  batch_size: 64
  kernel: 4
  latent_dim: 9
  m_lambda: 2.3761119596957947
  num_CL: 3
  num_HL: 3
  opt_lr: 0.00012449849121951863
  opt_wd: 9.729961705008592e-06
  size_CL: 10
score: 0.8166127292340885
