config:
  batch_size: 64
  latent_dim: 29
  num_HL: 3
  opt_lr: 0.00021220896181826834
  opt_wd: 1.3248963903936059e-06
score: 0.6478873239436619
