config:
  umap_epochs: 318
  umap_mdist: 1.2687688818738372
  umap_ncomp: 7
  umap_neigh: 87
  umap_spread: 1.8291673088432108
score: 0.5981661272923409
