config:
  batch_size: 128
  latent_dim: 17
  num_HL: 3
  opt_lr: 3.93704290434276e-05
  opt_wd: 6.263659159014105e-06
score: 0.7964940668824164
