config:
  batch_size: 128
  kernel: 4
  latent_dim: 17
  num_CL: 3
  num_HL: 2
  opt_lr: 1.2607158569944095e-05
  opt_wd: 8.738619501846533e-06
  size_CL: 30
score: 0.7714406779661017
