config:
  umap_epochs: 499
  umap_mdist: 1.552906904064724
  umap_ncomp: 11
  umap_neigh: 5
  umap_spread: 1.6954845566853485
score: 0.7764705882352941
