config:
  batch_size: 128
  kernel: 3
  latent_dim: 16
  num_CL: 3
  num_HL: 2
  opt_lr: 1.6907518164273735e-05
  opt_wd: 9.992575798525337e-06
  size_CL: 29
score: 0.7610328638497653
