config:
  MC-red_dataset-0: 1
  MC-red_dataset-1: 0
  MC-red_dataset-2: 1
  MC-red_dataset-3: 1
  MC-red_dataset-4: 1
  MC-red_dataset-5: 0
  batch_size: 64
  latent_dim: 18
  num_HL: 3
  opt_lr: 2.4661967141230335e-05
  opt_wd: 5.192768009471738e-06
score: 0.7014084507042254
