config:
  batch_size: 128
  kernel: 2
  latent_dim: 566
  num_CL: 2
  num_HL: 2
  opt_lr: 0.00040948452601764963
  opt_wd: 2.918010980521206e-06
  size_CL: 27
score: 0.8120338983050847
