config:
  batch_size: 128
  kernel: 4
  latent_dim: 121
  num_CL: 4
  num_HL: 2
  opt_lr: 0.0003322768309290158
  opt_wd: 9.704642110230623e-06
  size_CL: 29
score: 0.7952542372881356
