config:
  batch_size: 128
  kernel: 3
  latent_dim: 358
  m_lambda: 1.753452538377615
  num_CL: 4
  num_HL: 4
  opt_lr: 2.520838928241585e-05
  opt_wd: 6.902752116969945e-06
  size_CL: 5
score: 0.7573894282632148
