config:
  batch_size: 128
  kernel: 4
  latent_dim: 8
  m_lambda: 1.051156907804807
  num_CL: 4
  num_HL: 4
  opt_lr: 1.0135961353030331e-05
  opt_wd: 8.050796655581148e-06
  size_CL: 6
score: 0.7750847457627119
