config:
  batch_size: 128
  latent_dim: 17
  num_HL: 3
  opt_lr: 7.790286011470659e-05
  opt_wd: 4.765947997386377e-06
score: 0.6976190476190476
