config:
  batch_size: 64
  latent_dim: 131
  num_HL: 3
  opt_lr: 1.0070561816304542e-05
  opt_wd: 3.471459901293441e-06
score: 0.8388349514563107
