config:
  batch_size: 64
  kernel: 4
  latent_dim: 241
  m_lambda: 2.96575664781224
  num_CL: 3
  num_HL: 2
  opt_lr: 9.98193737578358e-05
  opt_wd: 6.449001461820986e-06
  size_CL: 26
score: 0.8279661016949152
