config:
  batch_size: 128
  kernel: 3
  latent_dim: 571
  m_lambda: 1.6240649610864597
  num_CL: 4
  num_HL: 2
  opt_lr: 5.554049888737696e-05
  opt_wd: 7.177554146800994e-06
  size_CL: 8
score: 0.829126213592233
