config:
  batch_size: 64
  latent_dim: 14
  num_HL: 2
  opt_lr: 6.296269010200806e-05
  opt_wd: 8.463234053310623e-06
score: 0.6611111111111112
