config:
  batch_size: 64
  kernel: 4
  latent_dim: 12
  m_lambda: 2.2793138589841795
  num_CL: 2
  num_HL: 3
  opt_lr: 8.633614910180686e-05
  opt_wd: 4.1076969302835055e-06
  size_CL: 8
score: 0.8214670981661273
