config:
  batch_size: 129
  latent_dim: 5
  m_lambda: 1.4027744394563502
  num_HL: 7
  opt_lr: 8.116192216136119e-05
  opt_wd: 2.6536255917873117e-06
score: 0.6532863849765258
