config:
  batch_size: 128
  kernel: 2
  latent_dim: 9
  m_lambda: 1.9758635613843616
  num_CL: 4
  num_HL: 2
  opt_lr: 2.4027642324610163e-05
  opt_wd: 4.9693095846495295e-06
  size_CL: 7
score: 0.7888235294117647
