config:
  batch_size: 128
  kernel: 3
  latent_dim: 14
  num_CL: 3
  num_HL: 2
  opt_lr: 2.1224930511815775e-05
  opt_wd: 8.229839137472607e-07
  size_CL: 30
score: 0.805
