config:
  batch_size: 128
  kernel: 4
  latent_dim: 14
  num_CL: 3
  num_HL: 2
  opt_lr: 5.336844774765158e-05
  opt_wd: 8.884427736687451e-06
  size_CL: 15
score: 0.7413160733549083
