config:
  batch_size: 128
  kernel: 4
  latent_dim: 30
  num_CL: 3
  num_HL: 2
  opt_lr: 3.655032052561578e-05
  opt_wd: 4.537341675194413e-06
  size_CL: 17
score: 0.7727699530516432
