config:
  batch_size: 64
  kernel: 3
  latent_dim: 9
  num_CL: 2
  num_HL: 3
  opt_lr: 7.377033683765946e-05
  opt_wd: 2.641563898464691e-06
  size_CL: 14
score: 0.7057173678532902
