config:
  batch_size: 129
  latent_dim: 16
  m_lambda: 2.753540507404492
  num_HL: 5
  opt_lr: 2.581468792411042e-05
  opt_wd: 5.454866069806004e-06
score: 0.6807142857142858
