config:
  batch_size: 128
  kernel: 2
  latent_dim: 17
  m_lambda: 0.7238513971374727
  num_CL: 4
  num_HL: 3
  opt_lr: 5.6080796436749055e-05
  opt_wd: 7.27773988945632e-06
  size_CL: 21
score: 0.7328571428571429
