config:
  umap_epochs: 463
  umap_mdist: 1.6467393636543972
  umap_ncomp: 13
  umap_neigh: 103
  umap_spread: 1.9252338969175957
score: 0.5946601941747574
