config:
  batch_size: 128
  kernel: 3
  latent_dim: 47
  m_lambda: 2.2724777033503107
  num_CL: 4
  num_HL: 2
  opt_lr: 1.3758432002256472e-05
  opt_wd: 7.024756077682717e-06
  size_CL: 21
score: 0.8326470588235294
