config:
  batch_size: 128
  latent_dim: 17
  m_lambda: 1.453504257417302
  num_HL: 2
  opt_lr: 0.0004069124632109089
  opt_wd: 7.5341513033441155e-06
score: 0.6290183387270766
