config:
  umap_epochs: 391
  umap_mdist: 1.2115214992430203
  umap_ncomp: 8
  umap_neigh: 13
  umap_spread: 1.8603719880339473
score: 0.6262711864406779
