config:
  umap_epochs: 292
  umap_mdist: 1.699278354990838
  umap_ncomp: 9
  umap_neigh: 13
  umap_spread: 1.8149471561693094
score: 0.6279661016949153
