config:
  batch_size: 129
  latent_dim: 8
  m_lambda: 0.2745351273931448
  num_HL: 2
  opt_lr: 0.0009882907312750502
  opt_wd: 9.05128182882006e-06
score: 0.7132203389830509
