config:
  batch_size: 64
  kernel: 3
  latent_dim: 269
  num_CL: 2
  num_HL: 2
  opt_lr: 0.0004710680830466712
  opt_wd: 9.68424191118822e-06
  size_CL: 7
score: 0.8079661016949153
