config:
  batch_size: 128
  kernel: 4
  latent_dim: 18
  num_CL: 4
  num_HL: 2
  opt_lr: 0.00024880332597684884
  opt_wd: 4.773165670427445e-06
  size_CL: 18
score: 0.8093851132686083
