config:
  umap_epochs: 490
  umap_mdist: 0.9820591951261748
  umap_ncomp: 8
  umap_neigh: 10
  umap_spread: 0.986047028710271
score: 0.6531823085221143
