config:
  batch_size: 64
  latent_dim: 87
  num_HL: 2
  opt_lr: 0.00015610219886650657
  opt_wd: 5.240339618376454e-06
score: 0.8636150234741784
