config:
  umap_epochs: 331
  umap_mdist: 0.7112782117145717
  umap_ncomp: 16
  umap_neigh: 6
  umap_spread: 1.4628862625164918
score: 0.65
