config:
  batch_size: 64
  latent_dim: 20
  m_lambda: 0.5146487349146751
  num_HL: 2
  opt_lr: 0.00022410679688332036
  opt_wd: 2.1519514320387917e-08
score: 0.8880952380952382
