config:
  batch_size: 64
  latent_dim: 53
  m_lambda: 0.3934858831429563
  num_HL: 2
  opt_lr: 0.0008153483296003247
  opt_wd: 6.516948347501204e-06
score: 0.7881877022653722
