config:
  batch_size: 64
  latent_dim: 293
  m_lambda: 0.10289429135896588
  num_HL: 2
  opt_lr: 0.000698134024325548
  opt_wd: 9.985926931270624e-06
score: 0.7692372881355931
