config:
  batch_size: 128
  kernel: 4
  latent_dim: 9
  num_CL: 4
  num_HL: 2
  opt_lr: 1.4862451697369732e-05
  opt_wd: 4.513313211700526e-06
  size_CL: 16
score: 0.7085714285714286
