config:
  batch_size: 128
  latent_dim: 76
  num_HL: 3
  opt_lr: 0.00030301545972982155
  opt_wd: 4.191647770862397e-06
score: 0.6494066882416397
