config:
  batch_size: 128
  latent_dim: 9
  num_HL: 2
  opt_lr: 9.713689196892602e-05
  opt_wd: 2.1156800247488604e-06
score: 0.6700000000000002
