config:
  batch_size: 64
  latent_dim: 351
  m_lambda: 1.7767393740892201
  num_HL: 6
  opt_lr: 0.00076818273490211
  opt_wd: 1.0077551263648857e-08
score: 0.6574973031283711
