config:
  batch_size: 64
  latent_dim: 14
  m_lambda: 2.988023743954297
  num_HL: 2
  opt_lr: 0.0009055436623855808
  opt_wd: 4.3604520219335696e-06
score: 0.7676470588235295
