config:
  umap_epochs: 445
  umap_mdist: 0.7460098476257015
  umap_ncomp: 8
  umap_neigh: 3
  umap_spread: 1.531819998826541
score: 0.7617647058823529
