config:
  umap_epochs: 172
  umap_mdist: 1.698859978049006
  umap_ncomp: 6
  umap_neigh: 9
  umap_spread: 1.9382221351795765
score: 0.7529411764705882
