config:
  batch_size: 64
  latent_dim: 14
  m_lambda: 1.8599141215407735
  num_HL: 7
  opt_lr: 3.2326250834696996e-05
  opt_wd: 9.294051343444097e-10
score: 0.6774647887323944
