config:
  ae_conv_kernel: 3
  ae_conv_num: 1
  ae_conv_padding: 0
  ae_conv_stride: 1
  ae_dropout: 0.1267268731412737
  ae_fc_num: 2
  ae_topo_lambda: 1.4794308213979392
  latent_dim: 52
score: 0.7206572769953051
