config:
  batch_size: 128
  latent_dim: 53
  m_lambda: 0.20815558176743787
  num_HL: 2
  opt_lr: 0.0009983512137585187
  opt_wd: 1.526231164455477e-06
score: 0.7854368932038834
